samplestamps,C1
83161014,1091.662353515625
83161016,1176.876220703125
83161018,823.5723876953125
83161020,-295.3218688964844
83161022,-2098.003173828125
83161024,-1976.369384765625
83161026,-589.3186645507812
83161028,1389.6219482421875
83161030,1191.0487060546875
83161032,1157.9061279296875
83161034,1001.6552734375
83161036,594.9054565429688
83161038,-964.010009765625
83161040,-2074.32275390625
83161042,-1383.8814697265625
83161044,622.65234375
83161046,1627.073974609375
83161048,1175.443115234375
83161050,1269.4171142578125
83161052,980.9114990234375
83161054,-81.90739440917969
83161056,-1961.798095703125
83161058,-1978.3507080078125
83161060,-731.2100830078125
83161062,1324.171630859375
83161064,1306.2149658203125
83161066,1190.3841552734375
83161068,1043.7740478515625
83161070,557.1148071289062
83161072,-1108.7965087890625
83161074,-2228.949462890625
83161076,-1662.9871826171875
83161078,326.8279113769531
83161080,1489.9593505859375
83161082,1083.2344970703125
83161084,1203.634521484375
83161086,894.8753051757812
83161088,-19.81744384765625
83161090,-1942.250732421875
83161092,-2098.99169921875
83161094,-897.1390991210938
83161096,1191.2938232421875
83161098,1323.8433837890625
83161100,1124.630615234375
83161102,1045.6058349609375
83161104,638.8519287109375
83161106,-983.3622436523438
83161108,-2255.562255859375
83161110,-1760.5208740234375
83161112,127.35334777832031
83161114,1473.327880859375
83161116,1061.527099609375
83161118,1181.4453125
83161120,934.3316040039062
83161122,79.58545684814453
83161124,-1850.266357421875
83161126,-2140.736572265625
83161128,-1078.220947265625
83161130,1064.4180908203125
83161132,1355.544677734375
83161134,1097.623046875
83161136,1108.626220703125
83161138,701.1827392578125
83161140,-789.1836547851562
83161142,-2228.1767578125
83161144,-1802.07470703125
83161146,-68.85221862792969
83161148,1510.46630859375
83161150,1056.9580078125
83161152,1181.6488037109375
83161154,921.6378173828125
83161156,206.72695922851562
83161158,-1704.44970703125
83161160,-2118.846435546875
83161162,-1237.8404541015625
83161164,923.5734252929688
83161166,1367.37451171875
83161168,1098.63232421875
83161170,1127.704345703125
83161172,758.9113159179688
83161174,-649.9423828125
83161176,-2203.723876953125
83161178,-1908.8048095703125
83161180,-243.1343994140625
83161182,1415.0966796875
83161184,1110.3043212890625
83161186,1155.67138671875
83161188,953.8250732421875
83161190,298.2087097167969
83161192,-1625.798828125
83161194,-2210.577392578125
83161196,-1351.274658203125
83161198,796.8389892578125
83161200,1444.0855712890625
83161202,1094.2127685546875
83161204,1166.616455078125
83161206,759.4180297851562
83161208,-510.576416015625
83161210,-2201.0986328125
83161212,-1915.4051513671875
83161214,-437.989990234375
83161216,1397.09033203125
83161218,1171.484619140625
83161220,1181.2957763671875
83161222,999.7985229492188
83161224,397.578369140625
83161226,-1482.9976806640625
83161228,-2214.49853515625
83161230,-1459.749267578125
83161232,653.9839477539062
83161234,1452.2559814453125
83161236,1067.321533203125
83161238,1130.0262451171875
83161240,807.2482299804688
83161242,-366.97369384765625
83161244,-2116.321044921875
83161246,-2017.5079345703125
83161248,-622.5443725585938
83161250,1362.763916015625
83161252,1210.5172119140625
83161254,1152.946533203125
83161256,1011.8402099609375
83161258,496.3083801269531
83161260,-1317.1102294921875
83161262,-2256.584228515625
83161264,-1579.6591796875
83161266,504.55352783203125
83161268,1461.4439697265625
83161270,1110.2462158203125
83161272,1221.35009765625
83161274,860.42431640625
83161276,-168.75772094726562
83161278,-2015.767578125
83161280,-2055.62255859375
83161282,-774.201171875
83161284,1300.6781005859375
83161286,1233.41259765625
83161288,1147.2933349609375
83161290,1030.4613037109375
83161292,545.5508422851562
83161294,-1121.1290283203125
83161296,-2227.728271484375
83161298,-1634.8040771484375
83161300,314.26702880859375
83161302,1531.7333984375
83161304,1049.315185546875
83161306,1198.263671875
83161308,888.0009155273438
83161310,-35.48530960083008
83161312,-1923.8330078125
83161314,-2062.52197265625
83161316,-919.1497192382812
83161318,1174.533447265625
83161320,1309.8287353515625
83161322,1168.8594970703125
83161324,1015.1506958007812
83161326,643.865478515625
83161328,-983.3082275390625
83161330,-2250.65673828125
83161332,-1774.66015625
83161334,147.98492431640625
83161336,1519.8994140625
83161338,1070.5074462890625
83161340,1183.94580078125
83161342,896.1588134765625
83161344,53.267425537109375
83161346,-1889.9842529296875
83161348,-2118.34814453125
83161350,-1086.8607177734375
83161352,1077.917724609375
83161354,1323.706298828125
83161356,1096.480712890625
83161358,1071.3714599609375
83161360,677.4982299804688
83161362,-809.8651123046875
83161364,-2230.78125
83161366,-1795.628173828125
83161368,-18.8371639251709
83161370,1535.7542724609375
83161372,1110.736328125
83161374,1221.017822265625
83161376,922.9752807617188
83161378,230.228759765625
83161380,-1781.01953125
83161382,-2160.068115234375
83161384,-1195.3394775390625
83161386,974.352783203125
83161388,1354.011962890625
83161390,1099.168212890625
83161392,1137.5611572265625
83161394,729.7728881835938
83161396,-762.2259521484375
83161398,-2478.484619140625
83161400,-2047.9256591796875
83161402,-357.87701416015625
83161404,1377.73388671875
83161406,1016.4674682617188
83161408,1079.0350341796875
83161410,871.7639770507812
83161412,202.2201690673828
83161414,-1686.837890625
83161416,-2251.81982421875
83161418,-1378.7432861328125
83161420,749.299560546875
83161422,1416.9825439453125
83161424,1049.7845458984375
83161426,1110.69482421875
83161428,732.0906372070312
83161430,-526.638916015625
83161432,-2203.1630859375
83161434,-1936.85498046875
83161436,-392.8888244628906
83161438,1385.613525390625
83161440,1133.154052734375
83161442,1123.2806396484375
83161444,989.837890625
83161446,408.90142822265625
83161448,-1455.6080322265625
83161450,-2219.748779296875
83161452,-1473.1949462890625
83161454,653.90087890625
83161456,1479.2593994140625
83161458,1050.1624755859375
83161460,1135.8538818359375
83161462,821.919189453125
83161464,-321.0458984375
83161466,-2105.209716796875
83161468,-1965.2291259765625
83161470,-561.7171630859375
83161472,1394.0206298828125
83161474,1225.0594482421875
83161476,1135.8414306640625
83161478,1000.9823608398438
83161480,509.2056884765625
83161482,-1302.2689208984375
83161484,-2228.26806640625
83161486,-1581.50341796875
83161488,495.2450256347656
83161490,1477.1741943359375
83161492,1066.615478515625
83161494,1193.275146484375
83161496,845.7408447265625
83161498,-236.301513671875
83161500,-2097.791259765625
83161502,-2060.97265625
83161504,-765.1958618164062
83161506,1300.87744140625
83161508,1248.8311767578125
83161510,1140.2777099609375
83161512,1065.0286865234375
83161514,607.0426635742188
83161516,-1180.211669921875
83161518,-2216.26806640625
83161520,-1635.501953125
83161522,398.7704772949219
83161524,1512.6595458984375
83161526,1108.6552734375
83161528,1194.242919921875
83161530,880.2708129882812
83161532,-74.95819854736328
83161534,-1977.6903076171875
83161536,-2100.445556640625
83161538,-908.478759765625
83161540,1166.662109375
83161542,1312.703125
83161544,1161.9351806640625
83161546,1094.071533203125
83161548,643.89453125
83161550,-1004.8868408203125
83161552,-2208.724853515625
83161554,-1676.6737060546875
83161556,214.44044494628906
83161558,1546.7947998046875
83161560,1083.1722412109375
83161562,1199.5098876953125
83161564,879.7142333984375
83161566,83.03305053710938
83161568,-1867.230224609375
83161570,-2122.264892578125
83161572,-1041.2943115234375
83161574,1072.775390625
83161576,1313.8162841796875
83161578,1104.700927734375
83161580,1054.839599609375
83161582,680.1441040039062
83161584,-845.3878173828125
83161586,-2229.950439453125
83161588,-1805.8255615234375
83161590,-21.391706466674805
83161592,1489.3155517578125
83161594,1062.8231201171875
83161596,1202.126708984375
83161598,933.1768798828125
83161600,180.0600128173828
83161602,-1753.143798828125
83161604,-2141.845703125
83161606,-1191.0943603515625
83161608,947.0087890625
83161610,1422.681396484375
83161612,1069.8262939453125
83161614,1117.751953125
83161616,729.3076782226562
83161618,-724.5101318359375
83161620,-2235.628662109375
83161622,-1861.0743408203125
83161624,-209.06967163085938
83161626,1443.6826171875
83161628,1091.94482421875
83161630,1216.3116455078125
83161632,973.0111083984375
83161634,299.184814453125
83161636,-1597.553466796875
83161638,-2158.8095703125
83161640,-1323.4613037109375
83161642,872.7401123046875
83161644,1418.444580078125
83161646,1106.9232177734375
83161648,1119.7998046875
83161650,814.4051513671875
83161652,-548.8862915039062
83161654,-2165.6298828125
83161656,-1962.5001220703125
83161658,-360.52294921875
83161660,1439.2589111328125
83161662,1116.2275390625
83161664,1182.687255859375
83161666,994.8514404296875
83161668,457.9154357910156
83161670,-1513.764404296875
83161672,-2232.588134765625
83161674,-1417.6844482421875
83161676,662.5946044921875
83161678,1468.0235595703125
83161680,1081.1202392578125
83161682,1141.4864501953125
83161684,843.3773803710938
83161686,-373.81072998046875
83161688,-2140.636962890625
83161690,-2012.43212890625
83161692,-547.6651000976562
83161694,1366.75146484375
83161696,1200.1329345703125
83161698,1180.950927734375
83161700,986.178466796875
83161702,516.92333984375
83161704,-1330.8465576171875
83161706,-2211.4912109375
83161708,-1524.8797607421875
83161710,573.123291015625
83161712,1509.9637451171875
83161714,1090.079833984375
83161716,1180.942626953125
83161718,843.0907592773438
83161720,-261.7555847167969
83161722,-2082.904296875
83161724,-2003.2481689453125
83161726,-703.2928466796875
83161728,1350.003662109375
83161730,1215.476806640625
83161732,1108.2275390625
83161734,1028.16845703125
83161736,518.6014404296875
83161738,-1225.171630859375
83161740,-2225.62646484375
83161742,-1640.652587890625
83161744,352.1199645996094
83161746,1488.489013671875
83161748,1077.97998046875
83161750,1177.8896484375
83161752,881.998779296875
83161754,-40.3825569152832
83161756,-1797.8712158203125
83161758,-1862.3660888671875
83161760,-778.7037963867188
83161762,1350.414794921875
83161764,1335.0128173828125
83161766,1222.3428955078125
83161768,1108.7882080078125
83161770,697.7725830078125
83161772,-979.827392578125
83161774,-2208.928466796875
83161776,-1687.265625
83161778,253.8510284423828
83161780,1550.0638427734375
83161782,1120.3355712890625
83161784,1227.4810791015625
83161786,919.2286376953125
83161788,91.2657470703125
83161790,-1871.3797607421875
83161792,-2100.38720703125
83161794,-1013.8796997070312
83161796,1150.832275390625
83161798,1342.472900390625
83161800,1134.6077880859375
83161802,1070.06298828125
83161804,674.4867553710938
83161806,-857.6495971679688
83161808,-2249.817626953125
83161810,-1788.1639404296875
83161812,30.88713264465332
83161814,1491.0892333984375
83161816,1084.933349609375
83161818,1164.722412109375
83161820,895.7476196289062
83161822,141.5840301513672
83161824,-1780.0225830078125
83161826,-2112.474609375
83161828,-1186.4713134765625
83161830,970.1450805664062
83161832,1380.5418701171875
83161834,1116.780029296875
83161836,1083.629150390625
83161838,700.7216796875
83161840,-739.2184448242188
83161842,-2220.07275390625
83161844,-1824.6834716796875
83161846,-176.14720153808594
83161848,1488.3643798828125
83161850,1125.36572265625
83161852,1171.3724365234375
83161854,1002.7601318359375
83161856,309.58160400390625
83161858,-1653.6121826171875
83161860,-2167.370361328125
83161862,-1281.8616943359375
83161864,888.0424194335938
83161866,1449.718017578125
83161868,1091.8035888671875
83161870,1182.080810546875
83161872,798.20556640625
83161874,-544.0803833007812
83161876,-2220.417724609375
83161878,-1976.5479736328125
83161880,-341.2911682128906
83161882,1444.8623046875
83161884,1150.0347900390625
83161886,1149.5986328125
83161888,975.7816772460938
83161890,384.28643798828125
83161892,-1527.2764892578125
83161894,-2202.69775390625
83161896,-1398.4361572265625
83161898,735.4718017578125
83161900,1469.2322998046875
83161902,1117.9970703125
83161904,1135.5340576171875
83161906,813.0219116210938
83161908,-364.6309814453125
83161910,-2151.141845703125
83161912,-1985.4287109375
83161914,-528.51220703125
83161916,1391.636474609375
83161918,1165.34130859375
83161920,1158.4918212890625
83161922,964.5333862304688
83161924,437.1924743652344
83161926,-1396.176513671875
83161928,-2254.67333984375
83161930,-1527.2183837890625
83161932,558.215576171875
83161934,1464.928955078125
83161936,1094.9521484375
83161938,1166.95703125
83161940,823.2608642578125
83161942,-254.95176696777344
83161944,-2110.79248046875
83161946,-2021.2088623046875
83161948,-668.3516845703125
83161950,1357.1812744140625
83161952,1197.1505126953125
83161954,1148.3193359375
83161956,1004.5046997070312
83161958,514.1154174804688
83161960,-1243.767822265625
83161962,-2272.5634765625
83161964,-1636.3160400390625
83161966,441.2839050292969
83161968,1511.5545654296875
83161970,1088.9915771484375
83161972,1199.987548828125
83161974,907.4362182617188
83161976,-88.44120788574219
83161978,-1958.8531494140625
83161980,-2006.9658203125
83161982,-773.89794921875
83161984,1274.0859375
83161986,1317.9659423828125
83161988,1162.068115234375
83161990,1085.14111328125
83161992,630.4655151367188
83161994,-1044.6463623046875
83161996,-2247.981689453125
83161998,-1721.4300537109375
83162000,225.9130401611328
83162002,1524.8424072265625
83162004,1075.3590087890625
83162006,1194.0352783203125
83162008,911.2410278320312
83162010,-39.817649841308594
83162012,-1930.2255859375
83162014,-2125.870361328125
83162016,-1010.3116455078125
83162018,1142.8072509765625
83162020,1326.065673828125
83162022,1096.3519287109375
83162024,1096.3311767578125
83162026,650.561279296875
83162028,-938.1488647460938
83162030,-2261.78466796875
83162032,-1802.556640625
83162034,23.535030364990234
83162036,1469.0037841796875
83162038,1102.6531982421875
83162040,1190.01025390625
83162042,912.0343627929688
83162044,124.03036499023438
83162046,-1806.9471435546875
83162048,-2168.205322265625
83162050,-1157.9434814453125
83162052,1048.21435546875
83162054,1390.431884765625
83162056,1091.8369140625
83162058,1118.36669921875
83162060,703.1890258789062
83162062,-764.2114868164062
83162064,-2232.467529296875
83162066,-1877.352783203125
83162068,-139.9557647705078
83162070,1470.362060546875
83162072,1104.376953125
83162074,1153.60693359375
83162076,921.1351928710938
83162078,274.5158386230469
83162080,-1708.5411376953125
83162082,-2166.747314453125
83162084,-1270.0443115234375
83162086,904.8609008789062
83162088,1434.7314453125
83162090,1057.2197265625
83162092,1152.86767578125
83162094,773.283203125
83162096,-541.5923461914062
83162098,-2188.3466796875
83162100,-1904.2191162109375
83162102,-313.8765563964844
83162104,1459.8780517578125
83162106,1153.7689208984375
83162108,1145.7938232421875
83162110,994.5606689453125
83162112,336.6265563964844
83162114,-1616.9263916015625
83162116,-2502.59716796875
83162118,-1608.7269287109375
83162120,544.4334716796875
83162122,1289.919921875
83162124,930.5433959960938
83162126,1012.4674072265625
83162128,705.58984375
83162130,-497.8618469238281
83162132,-2223.998046875
83162134,-2065.059814453125
83162136,-529.4758911132812
83162138,1343.0751953125
83162140,1127.679443359375
83162142,1122.1383056640625
83162144,956.6911010742188
83162146,418.16839599609375
83162148,-1420.8994140625
83162150,-2248.044189453125
83162152,-1540.0782470703125
83162154,525.8870849609375
83162156,1409.02392578125
83162158,1000.6458740234375
83162160,1095.0933837890625
83162162,770.8948364257812
83162164,-356.66412353515625
83162166,-2137.114501953125
83162168,-2025.0469970703125
83162170,-708.3811645507812
83162172,1356.6953125
83162174,1231.4686279296875
83162176,1168.5521240234375
83162178,1058.8729248046875
83162180,509.95751953125
83162182,-1276.9478759765625
83162184,-2233.967041015625
83162186,-1610.09765625
83162188,421.8236999511719
83162190,1504.63037109375
83162192,1061.85107421875
83162194,1160.485595703125
83162196,880.212646484375
83162198,-127.55687713623047
83162200,-2031.672119140625
83162202,-2052.8603515625
83162204,-824.0625610351562
83162206,1248.24560546875
83162208,1239.3731689453125
83162210,1115.7540283203125
83162212,1062.3536376953125
83162214,590.8347778320312
83162216,-1117.1829833984375
83162218,-2211.90673828125
83162220,-1709.9990234375
83162222,278.0381774902344
83162224,1522.1881103515625
83162226,1055.9569091796875
83162228,1188.6353759765625
83162230,866.0317993164062
83162232,2.5628511905670166
83162234,-1942.5123291015625
83162236,-2074.9375
83162238,-960.649658203125
83162240,1135.579833984375
83162242,1332.375244140625
83162244,1120.44775390625
83162246,1123.2557373046875
83162248,634.9017333984375
83162250,-907.6355590820312
83162252,-2222.23291015625
83162254,-1771.8563232421875
83162256,91.73511505126953
83162258,1532.4271240234375
83162260,1056.08154296875
83162262,1227.1820068359375
83162264,947.316162109375
83162266,84.8897705078125
83162268,-1883.9114990234375
83162270,-2143.544677734375
83162272,-1125.67724609375
83162274,1014.756103515625
83162276,1320.0968017578125
83162278,1108.0780029296875
83162280,1087.330078125
83162282,705.3988037109375
83162284,-791.5928344726562
83162286,-2243.74072265625
83162288,-1794.062255859375
83162290,-62.2477912902832
83162292,1478.0880126953125
83162294,1139.3514404296875
83162296,1205.51611328125
83162298,952.3504638671875
83162300,239.06375122070312
83162302,-1699.40283203125
83162304,-2209.871337890625
83162306,-1222.0521240234375
83162308,949.6381225585938
83162310,1391.8441162109375
83162312,1096.6884765625
83162314,1136.19873046875
83162316,767.5967407226562
83162318,-609.4850463867188
83162320,-2227.97314453125
83162322,-1881.0787353515625
83162324,-264.9871826171875
83162326,1477.697509765625
83162328,1144.6182861328125
83162330,1181.0631103515625
83162332,1003.1547241210938
83162334,309.9263610839844
83162336,-1592.693603515625
83162338,-2179.55322265625
83162340,-1366.12841796875
83162342,769.960205078125
83162344,1458.8271484375
83162346,1070.4949951171875
83162348,1169.927001953125
83162350,786.2303466796875
83162352,-451.8385314941406
83162354,-2174.27392578125
83162356,-1934.3128662109375
83162358,-442.9786376953125
83162360,1468.3184814453125
83162362,1207.59716796875
83162364,1185.70703125
83162366,1031.703369140625
83162368,464.93524169921875
83162370,-1391.5367431640625
83162372,-2172.17626953125
83162374,-1498.3914794921875
83162376,652.5093383789062
83162378,1507.9200439453125
83162380,1067.5625
83162382,1158.641357421875
83162384,820.02099609375
83162386,-315.4134521484375
83162388,-2128.695068359375
83162390,-2016.98046875
83162392,-614.3532104492188
83162394,1366.207275390625
83162396,1221.7738037109375
83162398,1129.8974609375
83162400,1002.4278564453125
83162402,515.7893676757812
83162404,-1282.9873046875
83162406,-2237.119873046875
83162408,-1581.777587890625
83162410,449.7201232910156
83162412,1504.376953125
83162414,1081.564697265625
83162416,1168.2239990234375
83162418,865.2426147460938
83162420,-181.6799774169922
83162422,-2024.2327880859375
83162424,-2032.4031982421875
83162426,-786.4131469726562
83162428,1257.184326171875
83162430,1230.2515869140625
83162432,1122.4415283203125
83162434,1022.1289672851562
83162436,645.9174194335938
83162438,-1118.998046875
83162440,-2220.97412109375
83162442,-1677.2718505859375
83162444,320.48931884765625
83162446,1485.3778076171875
83162448,1065.1201171875
83162450,1184.6519775390625
83162452,929.9328002929688
83162454,-39.42720031738281
83162456,-1944.9339599609375
83162458,-2080.229248046875
83162460,-960.2176513671875
83162462,1147.0938720703125
83162464,1287.9718017578125
83162466,1090.69873046875
83162468,1068.256103515625
83162470,666.1626586914062
83162472,-954.90087890625
83162474,-2155.374267578125
83162476,-1470.6279296875
83162478,252.9122772216797
83162480,1695.8016357421875
83162482,1212.527587890625
83162484,1335.0294189453125
83162486,1037.0284423828125
83162488,208.7165985107422
83162490,-1739.0128173828125
83162492,-2062.517822265625
83162494,-1013.1361694335938
83162496,1125.1331787109375
83162498,1335.195556640625
83162500,1146.587158203125
83162502,1130.0511474609375
83162504,728.2775268554688
83162506,-790.7579345703125
83162508,-2210.174560546875
83162510,-1843.37939453125
83162512,-74.77959442138672
83162514,1490.5657958984375
83162516,1094.030029296875
83162518,1185.8358154296875
83162520,900.6572875976562
83162522,213.24832153320312
83162524,-1741.7501220703125
83162526,-2170.240478515625
83162528,-1240.3201904296875
83162530,896.1422119140625
83162532,1362.3485107421875
83162534,1057.91748046875
83162536,1070.7774658203125
83162538,691.1348876953125
83162540,-681.9094848632812
83162542,-2223.844482421875
83162544,-1913.5858154296875
83162546,-328.40216064453125
83162548,1436.334716796875
83162550,1093.784912109375
83162552,1133.5029296875
83162554,888.8150634765625
83162556,301.7559814453125
83162558,-1632.573486328125
83162560,-2209.829833984375
83162562,-1351.1085205078125
83162564,771.3433837890625
83162566,1381.671630859375
83162568,1065.6766357421875
83162570,1102.175537109375
83162572,787.6052856445312
83162574,-504.4413757324219
83162576,-2187.270751953125
83162578,-1977.58642578125
83162580,-469.566650390625
83162582,1398.5689697265625
83162584,1153.9932861328125
83162586,1172.66845703125
83162588,953.6339721679688
83162590,416.3822937011719
83162592,-1491.841064453125
83162594,-2253.668212890625
83162596,-1485.3902587890625
83162598,586.2158203125
83162600,1466.5115966796875
83162602,1022.7395629882812
83162604,1143.90380859375
83162606,826.8413696289062
83162608,-381.0589904785156
83162610,-2103.174560546875
83162612,-2048.5654296875
83162614,-672.0069580078125
83162616,1308.69482421875
83162618,1126.1258544921875
83162620,1084.5137939453125
83162622,943.34521484375
83162624,441.612060546875
83162626,-1325.097900390625
83162628,-2307.40087890625
83162630,-1646.2725830078125
83162632,428.54443359375
83162634,1438.14990234375
83162636,1010.9305419921875
83162638,1113.772705078125
83162640,783.6550903320312
83162642,-245.8135528564453
83162644,-2108.341796875
83162646,-2136.3046875
83162648,-873.0931396484375
83162650,1188.103759765625
83162652,1165.8438720703125
83162654,1039.01806640625
83162656,934.6265258789062
83162658,455.8717956542969
83162660,-1269.8408203125
83162662,-2370.7119140625
83162664,-1782.539794921875
83162666,188.001953125
83162668,1403.7154541015625
83162670,962.0494384765625
83162672,1054.3037109375
83162674,807.8131713867188
83162676,-171.71517944335938
83162678,-2108.1796875
83162680,-2251.682861328125
83162682,-1028.9368896484375
83162684,996.3426513671875
83162686,1177.5947265625
83162688,989.9874267578125
83162690,942.8883056640625
83162692,524.3003540039062
83162694,-1074.2000732421875
83162696,-2375.239501953125
83162698,-1854.7398681640625
83162700,24.09578514099121
83162702,1425.2152099609375
83162704,982.7391357421875
83162706,1114.1507568359375
83162708,821.9275512695312
83162710,48.64017105102539
83162712,-1941.0294189453125
83162714,-2174.722412109375
83162716,-1171.78369140625
83162718,993.2356567382812
83162720,1286.941650390625
83162722,1055.682861328125
83162724,1006.0208129882812
83162726,639.00146484375
83162728,-888.6488647460938
83162730,-2317.756103515625
83162732,-1905.7808837890625
83162734,-141.60894775390625
83162736,1434.77294921875
83162738,1037.3233642578125
83162740,1141.46142578125
83162742,875.1367797851562
83162744,119.46956634521484
83162746,-1794.6104736328125
83162748,-2204.4755859375
83162750,-1276.0797119140625
83162752,897.4630737304688
83162754,1331.6524658203125
83162756,1032.932861328125
83162758,1020.23486328125
83162760,698.8359375
83162762,-666.5739135742188
83162764,-2269.714111328125
83162766,-1928.62646484375
83162768,-276.91668701171875
83162770,1420.7291259765625
83162772,1094.7030029296875
83162774,1133.7313232421875
83162776,909.66259765625
83162778,260.281005859375
83162780,-1654.8209228515625
83162782,-2247.927734375
83162784,-1441.47705078125
83162786,768.2779541015625
83162788,1349.484375
83162790,1036.858154296875
83162792,1069.5064697265625
83162794,761.3536987304688
83162796,-564.4959716796875
83162798,-2258.092041015625
83162800,-2008.4237060546875
83162802,-458.6797180175781
83162804,1354.5394287109375
83162806,1087.629150390625
83162808,1095.1016845703125
83162810,924.7614135742188
83162812,324.6347351074219
83162814,-1557.3992919921875
83162816,-2283.919921875
83162818,-1537.440673828125
83162820,581.2313842773438
83162822,1409.281494140625
83162824,976.8533325195312
83162826,1083.068359375
83162828,742.5331420898438
83162830,-395.152587890625
83162832,-2194.53564453125
83162834,-2188.537841796875
83162836,-910.0530395507812
83162838,1143.1021728515625
83162840,999.4745483398438
83162842,1012.338623046875
83162844,810.8287353515625
83162846,330.1965637207031
83162848,-1465.78466796875
83162850,-2392.618896484375
83162852,-1722.8880615234375
83162854,350.4667663574219
83162856,1379.852294921875
83162858,937.301513671875
83162860,1065.419189453125
83162862,723.0023193359375
83162864,-301.6479797363281
83162866,-2155.59033203125
83162868,-2131.2080078125
83162870,-816.378173828125
83162872,1199.2564697265625
83162874,1141.2081298828125
83162876,1089.3363037109375
83162878,959.7025756835938
83162880,496.35821533203125
83162882,-1205.3375244140625
83162884,-2302.017578125
83162886,-1747.872802734375
83162888,282.6529846191406
83162890,1401.987548828125
83162892,1030.00439453125
83162894,1085.4068603515625
83162896,781.478515625
83162898,-150.78868103027344
83162900,-2046.2724609375
83162902,-2126.443603515625
83162904,-1028.2598876953125
83162906,1125.61083984375
83162908,1179.941650390625
83162910,1041.9547119140625
83162912,1014.45703125
83162914,569.156494140625
83162916,-1100.638671875
83162918,-2343.01904296875
83162920,-1807.445556640625
83162922,49.74506378173828
83162924,1405.4974365234375
83162926,1015.329345703125
83162928,1101.26171875
83162930,805.1298217773438
83162932,-57.4170036315918
83162934,-2017.0966796875
83162936,-2204.6376953125
83162938,-1135.2017822265625
83162940,980.71630859375
83162942,1243.830078125
83162944,1023.7115478515625
83162946,1002.2533569335938
83162948,582.84716796875
83162950,-946.2943115234375
83162952,-2339.5673828125
83162954,-1896.3685302734375
83162956,-115.97628021240234
83162958,1415.8111572265625
83162960,1046.1873779296875
83162962,1069.5438232421875
83162964,849.4708862304688
83162966,90.29376983642578
83162968,-1876.2811279296875
83162970,-2236.932861328125
83162972,-1308.3458251953125
83162974,856.0670166015625
83162976,1239.472900390625
83162978,1010.5899047851562
83162980,992.6541137695312
83162982,666.2415771484375
83162984,-785.2625732421875
83162986,-2289.635498046875
83162988,-1956.59765625
83162990,-287.23455810546875
83162992,1397.472412109375
83162994,1038.071044921875
83162996,1101.593994140625
83162998,858.04833984375
83163000,189.02377319335938
83163002,-1726.4228515625
83163004,-2302.0341796875
83163006,-1438.777099609375
83163008,745.349365234375
83163010,1325.2681884765625
83163012,979.7069702148438
83163014,1031.75732421875
83163016,708.4642333984375
83163018,-631.728271484375
83163020,-2281.39013671875
83163022,-2061.794921875
83163024,-463.86358642578125
83163026,1329.5548095703125
83163028,1075.52099609375
83163030,1047.6536865234375
83163032,883.6145629882812
83163034,320.5516052246094
83163036,-1574.442138671875
83163038,-2295.953125
83163040,-1506.9688720703125
83163042,629.040771484375
83163044,1394.693603515625
83163046,1021.1736450195312
83163048,1084.2064208984375
83163050,794.6209106445312
83163052,-390.2387390136719
83163054,-2116.134033203125
83163056,-2018.92431640625
83163058,-583.0008544921875
83163060,1370.4940185546875
83163062,1171.517822265625
83163064,1171.81689453125
83163066,1010.0790405273438
83163068,512.8277587890625
83163070,-1345.480224609375
83163072,-2250.528076171875
83163074,-1570.7203369140625
83163076,520.4705810546875
83163078,1469.8304443359375
83163080,1040.3721923828125
83163082,1122.4913330078125
83163084,838.891357421875
83163086,-209.85472106933594
83163088,-2065.65380859375
83163090,-2039.3316650390625
83163092,-784.6145629882812
83163094,1306.011474609375
83163096,1237.5828857421875
83163098,1145.39501953125
83163100,1059.8116455078125
83163102,584.2303466796875
83163104,-1170.9530029296875
83163106,-2266.1875
83163108,-1632.52783203125
83163110,343.0939025878906
83163112,1529.6607666015625
83163114,1053.630859375
83163116,1138.325439453125
83163118,839.0034790039062
83163120,-100.46210479736328
83163122,-1978.9820556640625
83163124,-2117.313720703125
83163126,-889.595947265625
83163128,1208.3199462890625
83163130,1240.2122802734375
83163132,1108.1651611328125
83163134,1033.82177734375
83163136,578.0745239257812
83163138,-1053.045166015625
83163140,-2317.344970703125
83163142,-1760.03076171875
83163144,139.6110076904297
83163146,1458.436767578125
83163148,1017.8630981445312
83163150,1154.9693603515625
83163152,858.5551147460938
83163154,-29.23394775390625
83163156,-1980.1575927734375
83163158,-2233.049072265625
83163160,-1148.136474609375
83163162,983.9645385742188
83163164,1242.824951171875
83163166,1019.0842895507812
83163168,951.1500244140625
83163170,537.604736328125
83163172,-1051.0472412109375
83163174,-2440.59033203125
83163176,-1980.5439453125
83163178,-176.88656616210938
83163180,1266.7462158203125
83163182,893.1432495117188
83163184,948.4750366210938
83163186,655.7949829101562
83163188,-115.30337524414062
83163190,-2079.40673828125
83163192,-2494.1318359375
83163194,-1370.1533203125
83163196,795.5928955078125
83163198,1119.1309814453125
83163200,787.9832763671875
83163202,751.405517578125
83163204,332.19036865234375
83163206,-1143.4427490234375
83163208,-2723.56298828125
83163210,-2375.8583984375
83163212,-689.3321533203125
83163214,968.5167846679688
83163216,551.8603515625
83163218,569.2229614257812
83163220,351.62152099609375
83163222,-426.8330993652344
83163224,-2410.51708984375
83163226,-2992.8037109375
83163228,-2161.83349609375
83163230,39.186283111572266
83163232,585.27294921875
83163234,138.84255981445312
83163236,150.20716857910156
83163238,-245.82186889648438
83163240,-1602.438232421875
83163242,-3308.8525390625
83163244,-3090.300048828125
83163246,-1554.138671875
83163248,246.7107696533203
83163250,-69.05990600585938
83163252,-92.6115493774414
83163254,-363.8833312988281
83163256,-988.0891723632812
83163258,-2946.651611328125
83163260,-3725.03125
83163262,-2952.774169921875
83163264,-787.3103637695312
83163266,-71.84706115722656
83163268,-451.7554626464844
83163270,-357.7939453125
83163272,-677.8180541992188
83163274,-1856.642333984375
83163276,-3592.09130859375
83163278,-3371.590576171875
83163280,-1749.16455078125
83163282,364.9342041015625
83163284,266.4659118652344
83163286,420.1705017089844
83163288,391.3934631347656
83163290,-39.23197555541992
83163292,-1807.5701904296875
83163294,-2656.264404296875
83163296,-1886.677978515625
83163298,353.0877685546875
83163300,1355.4990234375
83163302,911.5940551757812
83163304,1074.6986083984375
83163306,765.362060546875
83163308,-313.6938171386719
83163310,-2131.137451171875
83163312,-2016.9014892578125
83163314,-542.8342895507812
83163316,1671.3984375
83163318,1635.9296875
83163320,1631.335693359375
83163322,1597.939697265625
83163324,1142.93603515625
83163326,-615.7862548828125
83163328,-1626.5755615234375
83163330,-1051.225830078125
83163332,1083.8284912109375
83163334,2218.66064453125
83163336,1695.8099365234375
83163338,1878.83154296875
83163340,1514.4954833984375
83163342,489.4630126953125
83163344,-1572.8470458984375
83163346,-1799.4329833984375
83163348,-599.25439453125
83163350,1564.9342041015625
83163352,1474.648681640625
83163354,1243.759521484375
83163356,1098.51611328125
83163358,576.5791625976562
83163360,-1171.83349609375
83163362,-2446.92041015625
83163364,-1951.42626953125
83163366,11.015690803527832
83163368,1339.13330078125
83163370,878.3060913085938
83163372,935.2122192382812
83163374,682.2085571289062
83163376,-224.92030334472656
83163378,-2258.341064453125
83163380,-2500.914794921875
83163382,-1399.4910888671875
83163384,760.5478515625
83163386,989.7631225585938
83163388,767.4140014648438
83163390,647.8447265625
83163392,247.4875030517578
83163394,-1431.179931640625
83163396,-2828.61083984375
83163398,-2454.5341796875
83163400,-571.1502685546875
83163402,888.2252197265625
83163404,443.8509216308594
83163406,486.7340087890625
83163408,204.5670166015625
83163410,-607.790283203125
83163412,-2708.73828125
83163414,-3142.562255859375
83163416,-2163.40771484375
83163418,-3.9003520011901855
83163420,347.8997802734375
83163422,-3.846353530883789
83163424,-76.21678161621094
83163426,-472.6404113769531
83163428,-2017.408203125
83163430,-3671.410888671875
83163432,-3342.103271484375
83163434,-1651.963134765625
83163436,-35.93391418457031
83163438,-444.1998291015625
83163440,-457.47930908203125
83163442,-683.4754028320312
83163444,-1390.8887939453125
83163446,-3501.90966796875
83163448,-4033.877685546875
83163450,-3124.65966796875
83163452,-1002.8265991210938
83163454,-411.85888671875
83163456,-802.7954711914062
83163458,-792.078857421875
83163460,-1222.2099609375
83163462,-2621.107177734375
83163464,-4424.76025390625
83163466,-4185.76708984375
83163468,-2576.55419921875
83163470,-730.2422485351562
83163472,-1064.4637451171875
83163474,-1049.2154541015625
83163476,-1276.3870849609375
83163478,-1875.450439453125
83163480,-3866.640380859375
83163482,-4614.19091796875
83163484,-3784.957275390625
83163486,-1596.5689697265625
83163488,-852.4989624023438
83163490,-1222.3179931640625
83163492,-1127.990966796875
83163494,-1441.11572265625
83163496,-2691.504638671875
83163498,-4497.3134765625
83163500,-4327.587890625
83163502,-2761.7607421875
83163504,-813.657470703125
83163506,-998.5856323242188
83163508,-900.9065551757812
83163510,-1056.5384521484375
83163512,-1500.1650390625
83163514,-3357.2685546875
83163516,-4198.427734375
83163518,-3414.394775390625
83163520,-1249.7242431640625
83163522,-257.0078430175781
83163524,-655.5623779296875
83163526,-475.8346252441406
83163528,-804.6978759765625
83163530,-1874.042236328125
83163532,-3714.397705078125
83163534,-3629.62841796875
83163536,-2266.428466796875
83163538,-217.90464782714844
83163540,-330.83209228515625
83163542,-450.135498046875
83163544,-530.5226440429688
83163546,-987.2708740234375
83163548,-2764.7099609375
83163550,-3845.269287109375
83163552,-3290.302001953125
83163554,-1448.8125
83163556,-210.30747985839844
83163558,-647.2216796875
83163560,-476.76507568359375
83163562,-730.3793334960938
83163564,-1673.6290283203125
83163566,-3596.59814453125
83163568,-3639.032470703125
83163570,-2401.109130859375
83163572,-207.76954650878906
83163574,-169.3849334716797
83163576,-304.9917297363281
83163578,-376.9675598144531
83163580,-792.4651489257812
83163582,-2457.919677734375
83163584,-3655.684814453125
83163586,-3055.790771484375
83163588,-1071.50439453125
83163590,232.1353302001953
83163592,-258.83551025390625
83163594,-67.17411041259766
83163596,-339.2973937988281
83163598,-1204.9678955078125
83163600,-3170.6787109375
83163602,-3409.0986328125
83163604,-2308.90869140625
83163606,-98.88368225097656
83163608,102.37281799316406
83163610,-128.65762329101562
83163612,-113.78726196289062
83163614,-519.4238891601562
83163616,-2063.739013671875
83163618,-3456.45947265625
83163620,-3061.552001953125
83163622,-1178.791015625
83163624,233.7178955078125
83163626,-243.97344970703125
83163628,-185.25218200683594
83163630,-482.6509094238281
83163632,-1286.285400390625
83163634,-3344.391845703125
83163636,-3797.243896484375
83163638,-2867.730712890625
83163640,-654.9351196289062
83163642,-400.83489990234375
83163644,-675.0391845703125
83163646,-688.4141845703125
83163648,-1062.698486328125
83163650,-2508.2294921875
83163652,-4078.451416015625
83163654,-3736.275390625
83163656,-1969.58642578125
83163658,-260.67144775390625
83163660,-718.275390625
83163662,-601.2440185546875
83163664,-765.4492797851562
83163666,-1422.7313232421875
83163668,-3332.77392578125
83163670,-3789.185791015625
83163672,-2793.777587890625
83163674,-580.7910766601562
83163676,-47.722198486328125
83163678,-334.5538330078125
83163680,-221.713623046875
83163682,-653.9797973632812
83163684,-2002.388427734375
83163686,-3690.792236328125
83163688,-3429.227783203125
83163690,-1867.89892578125
83163692,-39.684730529785156
83163694,-456.6527099609375
83163696,-408.58575439453125
83163698,-683.0101928710938
83163700,-1351.1417236328125
83163702,-3346.921630859375
83163704,-4102.73828125
83163706,-3359.45751953125
83163708,-1216.2825927734375
83163710,-553.0358276367188
83163712,-1018.0043334960938
83163714,-930.589111328125
83163716,-1279.1534423828125
83163718,-2534.950439453125
83163720,-4351.65869140625
83163722,-4201.41845703125
83163724,-2734.04296875
83163726,-821.279541015625
83163728,-1132.555908203125
83163730,-1116.505859375
83163732,-1310.23583984375
83163734,-1832.621337890625
83163736,-3754.39404296875
83163738,-4638.43212890625
83163740,-3942.8779296875
83163742,-1791.096435546875
83163744,-922.2401123046875
83163746,-1315.8807373046875
83163748,-1200.7227783203125
83163750,-1470.590576171875
83163752,-2587.777587890625
83163754,-4429.04296875
83163756,-4377.80224609375
83163758,-2980.533447265625
83163760,-895.2200927734375
83163762,-955.1500854492188
83163764,-957.8333740234375
83163766,-1013.7550659179688
83163768,-1417.6927490234375
83163770,-3194.8037109375
83163772,-4165.21875
83163774,-3514.067626953125
83163776,-1418.5028076171875
83163778,-256.0026550292969
83163780,-697.4568481445312
83163782,-553.2518310546875
83163784,-854.4719848632812
83163786,-1800.1016845703125
83163788,-3693.334228515625
83163790,-3728.778076171875
83163792,-2419.663818359375
83163794,-194.12454223632812
83163796,-111.41548919677734
83163798,-162.1408233642578
83163800,-120.0967788696289
83163802,-393.5783386230469
83163804,-1974.172119140625
83163806,-3156.9755859375
83163808,-2497.9365234375
83163810,-496.22943115234375
83163812,812.3988647460938
83163814,390.52532958984375
83163816,550.1033325195312
83163818,267.52508544921875
83163820,-597.7756958007812
83163822,-2638.989013671875
83163824,-2831.892333984375
83163826,-1745.21435546875
83163828,399.5929260253906
83163830,474.2603759765625
83163832,234.28280639648438
83163834,170.7971954345703
83163836,-201.2149658203125
83163838,-1878.0174560546875
83163840,-3244.843505859375
83163842,-2723.043701171875
83163844,-858.7420043945312
83163846,681.4567260742188
83163848,235.7490692138672
83163850,295.6499938964844
83163852,61.961181640625
83163854,-737.4988403320312
83163856,-2790.799560546875
83163858,-3139.260009765625
83163860,-2095.693603515625
83163862,134.96298217773438
83163864,440.49053955078125
83163866,144.19671630859375
83163868,155.62777709960938
83163870,-241.32337951660156
83163872,-1791.416259765625
83163874,-3356.209228515625
83163876,-2934.456298828125
83163878,-1159.978759765625
83163880,434.87054443359375
83163882,48.598636627197266
83163884,81.05587768554688
83163886,-163.37864685058594
83163888,-905.1807250976562
83163890,-2928.30029296875
83163892,-3476.492919921875
83163894,-2481.63330078125
83163896,-289.768310546875
83163898,252.32244873046875
83163900,-117.40516662597656
83163902,-27.99198341369629
83163904,-366.4295654296875
83163906,-1730.69287109375
83163908,-3387.507568359375
83163910,-3041.817626953125
83163912,-1218.9617919921875
83163914,755.5758666992188
83163916,312.3687744140625
83163918,406.5421142578125
83163920,179.82325744628906
83163922,-392.8182067871094
83163924,-2340.11572265625
83163926,-3021.721923828125
83163928,-2141.841552734375
83163930,67.83870697021484
83163932,771.804443359375
83163934,402.67913818359375
83163936,478.0153503417969
83163938,177.87100219726562
83163940,-1069.09521484375
83163942,-2858.8125
83163944,-2639.65771484375
83163946,-1095.7705078125
83163948,859.7264404296875
83163950,614.8848876953125
83163952,625.4685668945312
83163954,459.1823425292969
83163956,-58.03175354003906
83163958,-1979.5594482421875
83163960,-2777.99755859375
83163962,-2026.41357421875
83163964,111.56917572021484
83163966,978.5646362304688
83163968,550.6973266601562
83163970,635.2838745117188
83163972,342.29638671875
83163974,-771.4098510742188
83163976,-2668.14404296875
83163978,-2563.78564453125
83163980,-1164.3609619140625
83163982,904.9190673828125
83163984,722.7073974609375
83163986,679.7993774414062
83163988,515.0458374023438
83163990,33.79889678955078
83163992,-1875.4462890625
83163994,-2871.19482421875
83163996,-2261.863525390625
83163998,-121.69181060791016
83164000,876.220947265625
83164002,481.15972900390625
83164004,544.3753051757812
83164006,260.91650390625
83164008,-766.30078125
83164010,-2766.79931640625
83164012,-2830.2099609375
83164014,-1562.8199462890625
83164016,572.6788330078125
83164018,534.6722412109375
83164020,393.5201721191406
83164022,319.9534606933594
83164024,-59.946624755859375
83164026,-1822.7728271484375
83164028,-3015.146484375
83164030,-2368.639404296875
83164032,-365.2041931152344
83164034,875.1492919921875
83164036,425.42498779296875
83164038,539.5777587890625
83164040,304.57635498046875
83164042,-563.4907836914062
83164044,-2515.98046875
83164046,-2644.845703125
83164048,-1526.1175537109375
83164050,613.9336547851562
83164052,742.8488159179688
83164054,627.4083862304688
83164056,570.2863159179688
83164058,202.74769592285156
83164060,-1386.6727294921875
83164062,-2681.298828125
83164064,-2159.469970703125
83164066,-360.3443298339844
83164068,1021.6430053710938
83164070,599.6406860351562
83164072,698.7403564453125
83164074,459.75970458984375
83164076,-325.96807861328125
83164078,-2248.800048828125
83164080,-2632.260009765625
83164082,-1591.54296875
83164084,529.2973022460938
83164086,825.204833984375
83164088,525.4966430664062
83164090,527.23291015625
83164092,151.87696838378906
83164094,-1296.603271484375
83164096,-2750.90283203125
83164098,-2349.095947265625
83164100,-627.49560546875
83164102,893.6043090820312
83164104,498.72998046875
83164106,588.8410034179688
83164108,333.0252685546875
83164110,-312.01153564453125
83164112,-2202.228515625
83164114,-2685.689208984375
83164116,-1759.141845703125
83164118,332.64312744140625
83164120,811.572265625
83164122,491.0082092285156
83164124,562.6724853515625
83164126,234.34925842285156
83164128,-1101.2117919921875
83164130,-2662.8935546875
83164132,-2345.7314453125
83164134,-763.0733642578125
83164136,938.5767211914062
83164138,583.3165283203125
83164140,678.196044921875
83164142,488.46612548828125
83164144,-126.90058898925781
83164146,-1990.38818359375
83164148,-2577.94580078125
83164150,-1776.24267578125
83164152,284.1815490722656
83164154,933.8663940429688
83164156,533.6337890625
83164158,599.7694702148438
83164160,314.5287170410156
83164162,-889.9822387695312
83164164,-2515.98046875
83164166,-2361.478271484375
83164168,-889.5128784179688
83164170,884.0133056640625
83164172,609.7965698242188
83164174,630.814453125
83164176,498.93353271484375
83164178,-53.416961669921875
83164180,-1771.5157470703125
83164182,-2584.22607421875
83164184,-1940.431396484375
83164186,100.64070892333984
83164188,949.135498046875
83164190,562.3360595703125
83164192,662.14599609375
83164194,409.3874206542969
83164196,-730.6326904296875
83164198,-2450.833251953125
83164200,-2354.225830078125
83164202,-988.1556396484375
83164204,899.1951904296875
83164206,790.5543823242188
83164208,688.7049560546875
83164210,634.19970703125
83164212,115.49029541015625
83164214,-1598.4423828125
83164216,-2600.18896484375
83164218,-1937.498779296875
83164220,-10.363554954528809
83164222,966.6766967773438
83164224,511.22857666015625
83164226,577.671630859375
83164228,260.4097595214844
83164230,-725.7147216796875
83164232,-2576.263427734375
83164234,-2610.174560546875
83164236,-1391.088134765625
83164238,596.6832275390625
83164240,585.3352661132812
83164242,378.753662109375
83164244,305.18695068359375
83164246,-144.60379028320312
83164248,-1835.142578125
83164250,-2943.41162109375
83164252,-2405.86083984375
83164254,-510.48089599609375
83164256,624.6087646484375
83164258,152.6744842529297
83164260,250.73988342285156
83164262,2.243013858795166
83164264,-921.23486328125
83164266,-2826.941162109375
83164268,-3002.4609375
83164270,-1900.734130859375
83164272,-58.65066146850586
83164274,82.70906066894531
83164276,-28.012752532958984
83164278,-78.12749481201172
83164280,-386.0642395019531
83164282,-1914.2005615234375
83164284,-3138.915283203125
83164286,-2612.346923828125
83164288,-750.4459838867188
83164290,662.12939453125
83164292,276.8626708984375
83164294,435.29840087890625
83164296,220.52565002441406
83164298,-496.66143798828125
83164300,-2387.966552734375
83164302,-2664.123046875
83164304,-1663.3983154296875
83164306,474.33929443359375
83164308,783.5636596679688
83164310,527.4821166992188
83164312,489.006103515625
83164314,121.77073669433594
83164316,-1340.292236328125
83164318,-2764.91748046875
83164320,-2380.46923828125
83164322,-601.8006591796875
83164324,905.1807250976562
83164326,469.267578125
83164328,549.2185668945312
83164330,371.7338562011719
83164332,-297.2367248535156
83164334,-2208.263916015625
83164336,-2603.77783203125
83164338,-1736.732421875
83164340,426.1809387207031
83164342,857.3256225585938
83164344,571.8439331054688
83164346,642.3285522460938
83164348,311.10186767578125
83164350,-1000.2554321289062
83164352,-2588.23876953125
83164354,-2269.959228515625
83164356,-685.0579833984375
83164358,992.1473388671875
83164360,640.7376708984375
83164362,637.3108520507812
83164364,444.6982727050781
83164366,-150.9423828125
83164368,-2058.584228515625
83164370,-2667.67041015625
83164372,-1849.356689453125
83164374,211.50790405273438
83164376,809.74462890625
83164378,475.6601867675781
83164380,518.9212646484375
83164382,232.8954620361328
83164384,-1030.818603515625
83164386,-2687.4794921875
83164388,-2514.322998046875
83164390,-986.50244140625
83164392,794.1390991210938
83164394,506.53070068359375
83164396,511.6065368652344
83164398,308.9128723144531
83164400,-161.97052001953125
83164402,-2018.330322265625
83164404,-2796.963623046875
83164406,-2057.674560546875
83164408,1.2918099164962769
83164410,825.229736328125
83164412,414.20159912109375
83164414,549.7626953125
83164416,247.62042236328125
83164418,-849.2590942382812
83164420,-2639.08447265625
83164422,-2523.72705078125
83164424,-1168.394287109375
83164426,773.8107299804688
83164428,608.7166137695312
83164430,594.2159423828125
83164432,481.94891357421875
83164434,-14.002222061157227
83164436,-1809.35205078125
83164438,-2739.65869140625
83164440,-2046.6131591796875
83164442,14.33452033996582
83164444,999.0051879882812
83164446,561.9414672851562
83164448,677.0579223632812
83164450,390.97808837890625
83164452,-583.146240234375
83164454,-2419.89208984375
83164456,-2445.67431640625
83164458,-1223.6263427734375
83164460,843.107421875
83164462,751.2601318359375
83164464,643.4791259765625
83164466,497.0892639160156
83164468,60.9102897644043
83164470,-1635.306640625
83164472,-2752.784423828125
83164474,-2193.7880859375
83164476,-216.08946228027344
83164478,960.7949829101562
83164480,463.6808166503906
83164482,591.0923461914062
83164484,326.4665222167969
83164486,-529.7500610351562
83164488,-2464.656982421875
83164490,-2596.758056640625
83164492,-1454.0919189453125
83164494,685.8056640625
83164496,773.0422973632812
83164498,635.719970703125
83164500,583.45361328125
83164502,186.2490692138672
83164504,-1488.4681396484375
83164506,-2724.5556640625
83164508,-2250.54052734375
83164510,-366.9570617675781
83164512,924.2754516601562
83164514,495.2699279785156
83164516,617.8589477539062
83164518,388.7309265136719
83164520,-441.68682861328125
83164522,-2380.09521484375
83164524,-2685.52734375
83164526,-1640.0294189453125
83164528,503.35308837890625
83164530,747.783447265625
83164532,517.1143798828125
83164534,521.5588989257812
83164536,188.89085388183594
83164538,-1327.1788330078125
83164540,-2800.951171875
83164542,-2352.16552734375
83164544,-549.6048583984375
83164546,964.4461669921875
83164548,583.736083984375
83164550,692.8960571289062
83164552,436.68988037109375
83164554,-283.4297180175781
83164556,-2250.60693359375
83164558,-2652.255859375
83164560,-1719.7685546875
83164562,488.16705322265625
83164564,927.4031982421875
83164566,628.6088256835938
83164568,683.8035888671875
83164570,334.2630615234375
83164572,-1085.4317626953125
83164574,-2622.17041015625
83164576,-2293.996826171875
83164578,-603.3375244140625
83164580,1088.0777587890625
83164582,758.1636352539062
83164584,823.730224609375
83164586,644.6339111328125
83164588,-38.98690414428711
83164590,-1938.8487548828125
83164592,-2569.03173828125
83164594,-1719.8143310546875
83164596,487.0123291015625
83164598,1056.384765625
83164600,704.2897338867188
83164602,769.2374877929688
83164604,406.5836486816406
83164606,-853.18017578125
83164608,-2549.4345703125
83164610,-2297.19091796875
83164612,-745.9100952148438
83164614,1079.12646484375
83164616,814.7291259765625
83164618,836.2246704101562
83164620,646.4033813476562
83164622,114.76754760742188
83164624,-1750.08251953125
83164626,-2457.52490234375
83164628,-1673.533447265625
83164630,551.0877685546875
83164632,1534.16748046875
83164634,1050.7025146484375
83164636,1164.0950927734375
83164638,797.0549926757812
83164640,-345.40338134765625
83164642,-2161.11474609375
83164644,-2042.816650390625
83164646,-660.6506958007812
83164648,1259.0328369140625
83164650,1073.959228515625
83164652,979.7775268554688
83164654,878.679931640625
83164656,368.3776550292969
83164658,-1438.9515380859375
83164660,-2365.83544921875
83164662,-1726.5142822265625
83164664,344.94647216796875
83164666,1290.505615234375
83164668,873.1720581054688
83164670,949.1853637695312
83164672,728.5765991210938
83164674,-303.51300048828125
83164676,-2164.43359375
83164678,-2164.699462890625
83164680,-842.3555908203125
83164682,1187.0736083984375
83164684,1177.000732421875
83164686,1070.1917724609375
83164688,973.7006225585938
83164690,546.2320556640625
83164692,-1145.27880859375
83164694,-2165.945556640625
83164696,-1601.6490478515625
83164698,381.57403564453125
83164700,1500.0113525390625
83164702,1049.2362060546875
83164704,1192.10791015625
83164706,849.1386108398438
83164708,-80.96034240722656
83164710,-2000.652099609375
83164712,-2130.5185546875
83164714,-948.0222778320312
83164716,1170.4046630859375
83164718,1232.9515380859375
83164720,1087.325927734375
83164722,1038.3243408203125
83164724,689.4110717773438
83164726,-879.56884765625
83164728,-2105.359375
83164730,-1626.43017578125
83164732,267.4627990722656
83164734,1654.68798828125
83164736,1225.7489013671875
83164738,1349.708740234375
83164740,1141.34521484375
83164742,312.14031982421875
83164744,-1603.4434814453125
83164746,-1828.106201171875
83164748,-794.7828979492188
83164750,1335.71484375
83164752,1560.0494384765625
83164754,1377.3310546875
83164756,1406.552490234375
83164758,1026.4986572265625
83164760,-506.31884765625
83164762,-1844.4219970703125
83164764,-1431.82373046875
83164766,315.2223815917969
83164768,1816.3677978515625
83164770,1480.335205078125
83164772,1557.3287353515625
83164774,1333.899658203125
83164776,669.680908203125
83164778,-1202.69580078125
83164780,-1593.640625
83164782,-626.1041259765625
83164784,1496.717529296875
83164786,1976.589599609375
83164788,1650.21435546875
83164790,1743.2247314453125
83164792,1339.2454833984375
83164794,25.97742462158203
83164796,-1581.860595703125
83164798,-1230.401123046875
83164800,366.66632080078125
83164802,2087.361328125
83164804,1791.4620361328125
83164806,1899.6873779296875
83164808,1706.4725341796875
83164810,1104.8753662109375
83164812,-784.3612060546875
83164814,-1336.2547607421875
83164816,-495.2117919921875
83164818,1692.1546630859375
83164820,2313.323974609375
83164822,2041.7698974609375
83164824,2189.135986328125
83164826,1894.1837158203125
83164828,621.9918823242188
83164830,-1042.440673828125
83164832,-766.7618408203125
83164834,768.75146484375
83164836,2600.6416015625
83164838,2327.575439453125
83164840,2348.219482421875
83164842,2149.816650390625
83164844,1667.9051513671875
83164846,-185.73817443847656
83164848,-902.5513916015625
83164850,-181.81289672851562
83164852,1944.9173583984375
83164854,2658.233154296875
83164856,2275.134765625
83164858,2279.612548828125
83164860,1934.13427734375
83164862,812.9845581054688
83164864,-945.5674438476562
83164866,-874.8958740234375
83164868,472.68194580078125
83164870,2402.18896484375
83164872,2250.60693359375
83164874,2214.847412109375
83164876,1981.499267578125
83164878,1545.125
83164880,-304.5265197753906
83164882,-1116.6470947265625
83164884,-494.6302490234375
83164886,1582.475341796875
83164888,2456.32861328125
83164890,2050.189453125
83164892,2169.75048828125
83164894,1948.11572265625
83164896,828.3491821289062
83164898,-972.4337768554688
83164900,-959.5115356445312
83164902,332.7220458984375
83164904,2310.95654296875
83164906,2253.50634765625
83164908,2200.330078125
83164910,2137.662841796875
83164912,1679.1907958984375
83164914,-151.6152801513672
83164916,-1181.3912353515625
83164918,-519.8973999023438
83164920,1462.6651611328125
83164922,2565.03173828125
83164924,2128.400146484375
83164926,2278.06298828125
83164928,2040.145751953125
83164930,1070.31640625
83164932,-765.9186401367188
83164934,-852.241455078125
83164936,373.1378173828125
83164938,2478.139892578125
83164940,2677.091064453125
83164942,2521.61279296875
83164944,2546.7802734375
83164946,2250.652587890625
83164948,690.4121704101562
83164950,-521.0189208984375
83164952,139.6483917236328
83164954,2039.202880859375
83164956,3406.519287109375
83164958,3064.01513671875
83164960,3262.74609375
83164962,3131.29736328125
83164964,2347.583984375
83164966,594.2117919921875
83164968,324.9545593261719
83164970,1508.4808349609375
83164972,3640.91015625
83164974,3852.201904296875
83164976,3726.875732421875
83164978,3646.31396484375
83164980,3298.3271484375
83164982,1720.1549072265625
83164984,359.97467041015625
83164986,737.9474487304688
83164988,2470.746337890625
83164990,3880.01123046875
83164992,3213.536865234375
83164994,3450.660888671875
83164996,3088.9873046875
83164998,2468.100341796875
83165000,449.9610595703125
83165002,48.10849380493164
83165004,970.2031860351562
83165006,3080.87109375
83165008,3479.45458984375
83165010,3121.46533203125
83165012,3128.294189453125
83165014,2770.35888671875
83165016,1333.43017578125
83165018,-177.44732666015625
83165020,140.79896545410156
83165022,1786.4027099609375
83165024,3380.811767578125
83165026,3023.07177734375
83165028,3028.654541015625
83165030,2845.55810546875
83165032,2127.95556640625
83165034,254.4657745361328
83165036,-315.62945556640625
83165038,567.1294555664062
83165040,2695.687255859375
83165042,3223.49755859375
83165044,2886.4599609375
83165046,2966.394287109375
83165048,2606.282470703125
83165050,1314.3438720703125
83165052,-336.0159606933594
83165054,-107.77681732177734
83165056,1402.7891845703125
83165058,3167.14404296875
83165060,2839.2734375
83165062,2840.307861328125
83165064,2627.345947265625
83165066,2068.70263671875
83165068,156.13453674316406
83165070,-516.62841796875
83165072,218.86000061035156
83165074,2282.66552734375
83165076,3040.35546875
83165078,2610.12890625
83165080,2736.202880859375
83165082,2356.92578125
83165084,1168.739013671875
83165086,-564.0806274414062
83165088,-439.57257080078125
83165090,990.1328125
83165092,2817.844482421875
83165094,2597.84619140625
83165096,2521.346923828125
83165098,2382.629150390625
83165100,1862.9393310546875
83165102,38.33477020263672
83165104,-895.7310180664062
83165106,-190.3820343017578
83165108,1865.2529296875
83165110,2762.462646484375
83165112,2331.7666015625
83165114,2385.22509765625
83165116,2077.342529296875
83165118,985.0693969726562
83165120,-845.5331420898438
83165122,-852.4366455078125
83165124,462.1730041503906
83165126,2453.200927734375
83165128,2353.486572265625
83165130,2219.524658203125
83165132,2078.609375
83165134,1599.6302490234375
83165136,-161.2187042236328
83165138,-1180.9718017578125
83165140,-582.232421875
83165142,1383.5283203125
83165144,2474.509521484375
83165146,2046.22265625
83165148,2165.526123046875
83165150,1872.8626708984375
83165152,899.1162719726562
83165154,-969.8501586914062
83165156,-1079.69140625
83165158,92.94384765625
83165160,2199.964599609375
83165162,2262.86865234375
83165164,2096.412109375
83165166,2003.406005859375
83165168,1603.638671875
83165170,-159.99334716796875
83165172,-1323.8475341796875
83165174,-824.008544921875
83165176,1114.10498046875
83165178,2372.024658203125
83165180,1893.120361328125
83165182,1987.4681396484375
83165184,1685.1473388671875
83165186,790.0352172851562
83165188,-1179.1400146484375
83165190,-1412.625244140625
83165192,-345.1499938964844
83165194,1804.7705078125
83165196,1952.7554931640625
83165198,1763.77734375
83165200,1735.120849609375
83165202,1345.6463623046875
83165204,-232.72930908203125
83165206,-1621.25048828125
83165208,-1235.9130859375
83165210,569.3433837890625
83165212,2001.7611083984375
83165214,1562.649658203125
83165216,1618.7457275390625
83165218,1314.8671875
83165220,582.1535034179688
83165222,-1399.23779296875
83165224,-1777.75048828125
83165226,-849.5166015625
83165228,1289.1722412109375
83165230,1641.570556640625
83165232,1380.2054443359375
83165234,1364.29248046875
83165236,1042.5943603515625
83165238,-462.3100891113281
83165240,-1958.9112548828125
83165242,-1671.8594970703125
83165244,2.2180914878845215
83165246,1559.330810546875
83165248,1161.2955322265625
83165250,1140.830078125
83165252,878.1524047851562
83165254,115.48198699951172
83165256,-1744.4459228515625
83165258,-2328.2900390625
83165260,-1396.3260498046875
83165262,768.8802490234375
83165264,1334.614013671875
83165266,929.999267578125
83165268,790.8410034179688
83165270,267.50018310546875
83165272,-1198.18896484375
83165274,-2882.326904296875
83165276,-2752.859375
83165278,-1336.5413818359375
83165280,278.58648681640625
83165282,-272.82940673828125
83165284,-466.1024475097656
83165286,-838.1353759765625
83165288,-1698.077880859375
83165290,-3935.388671875
83165292,-4778.3173828125
83165294,-3736.877685546875
83165296,-1263.510498046875
83165298,-236.2433624267578
83165300,-376.68927001953125
83165302,-98.23985290527344
83165304,-326.516357421875
83165306,-1249.0887451171875
83165308,-2819.003173828125
83165310,-2378.43798828125
83165312,-737.9682006835938
83165314,1143.3846435546875
83165316,977.3642578125
83165318,1097.1827392578125
83165320,1010.3282470703125
83165322,556.5789794921875
83165324,-1175.2977294921875
83165326,-2066.418212890625
83165328,-1459.96533203125
83165330,496.4620666503906
83165332,1246.3099365234375
83165334,719.820556640625
83165336,794.5419921875
83165338,399.3437194824219
83165340,-771.0609741210938
83165342,-2668.4638671875
83165344,-2767.251953125
83165346,-1587.277099609375
83165348,306.8193664550781
83165350,253.43150329589844
83165352,197.40599060058594
83165354,-63.90097427368164
83165356,-543.7771606445312
83165358,-2403.069580078125
83165360,-3370.236328125
83165362,-2694.935546875
83165364,-671.7909545898438
83165366,435.16961669921875
83165368,-20.89741325378418
83165370,0.5981370210647583
83165372,-422.8205871582031
83165374,-1358.52294921875
83165376,-3006.033203125
83165378,-2821.221435546875
83165380,-1368.7369384765625
83165382,880.8606567382812
83165384,1089.6021728515625
83165386,1121.4405517578125
83165388,1289.7081298828125
83165390,1094.1878662109375
83165392,-334.8861389160156
83165394,-1366.132568359375
83165396,-690.4785766601562
83165398,1353.7877197265625
83165400,2741.307861328125
83165402,2369.150146484375
83165404,2583.1337890625
83165406,2394.76220703125
83165408,1530.6451416015625
83165410,-326.0552978515625
83165412,-514.9212036132812
83165414,577.8336181640625
83165416,2680.775390625
83165418,2846.201904296875
83165420,2601.750732421875
83165422,2598.0498046875
83165424,2232.343017578125
83165426,665.6808471679688
83165428,-664.9539184570312
83165430,-168.7826385498047
83165432,1740.915283203125
83165434,3234.650390625
83165436,2911.930419921875
83165438,3127.1435546875
83165440,3100.8544921875
83165442,2497.201416015625
83165444,769.5739135742188
83165446,652.2102661132812
83165448,1806.207763671875
83165450,4144.3251953125
83165452,4685.7763671875
83165454,4561.24365234375
83165456,4764.39404296875
83165458,4534.52685546875
83165460,3215.181884765625
83165462,1841.792724609375
83165464,2282.349853515625
83165466,4138.98779296875
83165468,5862.1376953125
83165470,5533.82666015625
83165472,5643.5517578125
83165474,5503.2763671875
83165476,4813.17578125
83165478,2773.478515625
83165480,2116.732177734375
83165482,2856.635986328125
83165484,4735.26806640625
83165486,4820.05419921875
83165488,4202.53173828125
83165490,4125.09375
83165492,3392.84521484375
83165494,1818.64404296875
83165496,94.4848861694336
83165498,281.1368713378906
83165500,1820.48828125
83165502,3420.575439453125
83165504,3153.5322265625
83165506,3482.63623046875
83165508,3659.198974609375
83165510,3315.72705078125
83165512,1537.212158203125
83165514,996.8826293945312
83165516,1871.3963623046875
83165518,3998.51708984375
83165520,4645.64306640625
83165522,4134.44384765625
83165524,3982.516845703125
83165526,3477.739013671875
83165528,2145.833251953125
83165530,256.5260314941406
83165532,313.7810363769531
83165534,1680.6903076171875
83165536,3420.978271484375
83165538,3062.552978515625
83165540,2848.503173828125
83165542,2579.939453125
83165544,1954.0845947265625
83165546,-41.757442474365234
83165548,-938.0159301757812
83165550,-389.8358154296875
83165552,1532.531005859375
83165554,2360.830322265625
83165556,1817.248291015625
83165558,1862.71923828125
83165560,1478.557373046875
83165562,309.3822326660156
83165564,-1477.1492919921875
83165566,-1449.6058349609375
83165568,-171.42025756835938
83165570,1670.139892578125
83165572,1495.1390380859375
83165574,1392.2138671875
83165576,1332.2879638671875
83165578,867.1824340820312
83165580,-873.83251953125
83165582,-1884.4224853515625
83165584,-1217.4498291015625
83165586,783.580322265625
83165588,1817.3314208984375
83165590,1432.8165283203125
83165592,1578.450439453125
83165594,1321.6834716796875
83165596,392.93035888671875
83165598,-1468.2977294921875
83165600,-1483.66650390625
83165602,-255.3339080810547
83165604,1803.58251953125
83165606,1785.7423095703125
83165608,1683.302978515625
83165610,1654.2518310546875
83165612,1237.3876953125
83165614,-433.5413513183594
83165616,-1600.4942626953125
83165618,-1024.4384765625
83165620,907.54833984375
83165622,2117.359375
83165624,1692.972900390625
83165626,1821.6097412109375
83165628,1537.3824462890625
83165630,710.5369873046875
83165632,-1212.3448486328125
83165634,-1431.49560546875
83165636,-316.3148193359375
83165638,1746.161376953125
83165640,1935.8414306640625
83165642,1752.50830078125
83165644,1701.3924560546875
83165646,1279.834716796875
83165648,-252.0399932861328
83165650,-1568.5604248046875
83165652,-1094.38720703125
83165654,676.2769775390625
83165656,2100.881591796875
83165658,1674.484619140625
83165660,1788.359130859375
83165662,1512.0531005859375
83165664,774.516845703125
83165666,-1194.0394287109375
83165668,-1508.921142578125
83165670,-501.4257507324219
83165672,1586.325927734375
83165674,1918.2919921875
83165676,1647.4854736328125
83165678,1674.2728271484375
83165680,1270.5802001953125
83165682,-161.24777221679688
83165684,-1631.958740234375
83165686,-1232.7022705078125
83165688,474.4597473144531
83165690,1996.2947998046875
83165692,1640.145751953125
83165694,1723.3740234375
83165696,1455.1884765625
83165698,841.5040283203125
83165700,-1092.866943359375
83165702,-1529.1331787109375
83165704,-636.5382690429688
83165706,1497.35302734375
83165708,1937.752197265625
83165710,1399.923095703125
83165712,1486.4619140625
83165714,1211.5390625
83165716,-116.42488098144531
83165718,-1691.6519775390625
83165720,-1407.3001708984375
83165722,205.15269470214844
83165724,1915.259765625
83165726,1583.1068115234375
83165728,1647.414794921875
83165730,1456.96630859375
83165732,858.8500366210938
83165734,-991.038330078125
83165736,-1640.8851318359375
83165738,-827.967041015625
83165740,1289.591796875
83165742,1915.1724853515625
83165744,1530.9234619140625
83165746,1619.8963623046875
83165748,1300.291748046875
83165750,73.58747100830078
83165752,-1603.921142578125
83165754,-1418.419677734375
83165756,15.210957527160645
83165758,1824.3927001953125
83165760,1616.6314697265625
83165762,1621.844482421875
83165764,1462.9600830078125
83165766,908.8318481445312
83165768,-931.8933715820312
83165770,-1714.0697021484375
83165772,-1027.17578125
83165774,1053.1905517578125
83165776,1877.7349853515625
83165778,1466.4326171875
83165780,1546.89453125
83165782,1292.7777099609375
83165784,156.8739013671875
83165786,-1635.6015625
83165788,-1584.269775390625
83165790,-265.69329833984375
83165792,1665.88232421875
83165794,1538.4666748046875
83165796,1442.6068115234375
83165798,1380.9571533203125
83165800,841.0928344726562
83165802,-940.4791259765625
83165804,-1946.04296875
83165806,-1297.8369140625
83165808,662.8563232421875
83165810,1716.92333984375
83165812,1213.8775634765625
83165814,1340.4583740234375
83165816,977.7339477539062
83165818,33.5455207824707
83165820,-1829.1114501953125
83165822,-1891.5128173828125
83165824,-712.0531005859375
83165826,1318.3355712890625
83165828,1281.8824462890625
83165830,1162.1719970703125
83165832,1118.271240234375
83165834,654.7357788085938
83165836,-1021.107177734375
83165838,-2162.697509765625
83165840,-1657.1220703125
83165842,310.3666687011719
83165844,1557.5322265625
83165846,1154.5457763671875
83165848,1293.1099853515625
83165850,1057.4813232421875
83165852,266.4201965332031
83165854,-1642.7667236328125
83165856,-1779.53662109375
83165858,-610.48193359375
83165860,1383.9644775390625
83165862,1374.5023193359375
83165864,988.6665649414062
83165866,878.2770385742188
83165868,461.27996826171875
83165870,-1167.3060302734375
83165872,-2515.423828125
83165874,-2045.4376220703125
83165876,-244.32237243652344
83165878,1038.170654296875
83165880,555.6361083984375
83165882,490.2522277832031
83165884,181.99981689453125
83165886,-644.521728515625
83165888,-2610.880615234375
83165890,-3092.875244140625
83165892,-2203.092529296875
83165894,-280.2355041503906
83165896,-95.17024993896484
83165898,-494.0072021484375
83165900,-605.6802368164062
83165902,-971.4119262695312
83165904,-2437.13427734375
83165906,-3775.22509765625
83165908,-3478.84814453125
83165910,-1475.73291015625
83165912,196.201416015625
83165914,-52.85620880126953
83165916,49.33384323120117
83165918,-226.8185577392578
83165920,-897.23046875
83165922,-2805.18798828125
83165924,-3187.621826171875
83165926,-2222.423828125
83165928,108.47879791259766
83165930,690.071533203125
83165932,478.5220947265625
83165934,600.8245239257812
83165936,408.89727783203125
83165938,-817.345947265625
83165940,-2311.994873046875
83165942,-1846.7896728515625
83165944,35.23193359375
83165946,1840.235107421875
83165948,1583.8087158203125
83165950,1788.629150390625
83165952,1544.3565673828125
83165954,962.0535888671875
83165956,-973.443115234375
83165958,-1570.533447265625
83165960,-723.5298461914062
83165962,1437.4063720703125
83165964,2091.531494140625
83165966,1751.6983642578125
83165968,1803.9024658203125
83165970,1563.1024169921875
83165972,340.6515197753906
83165974,-1329.5672607421875
83165976,-1123.7083740234375
83165978,295.13909912109375
83165980,2134.6845703125
83165982,1910.5660400390625
83165984,1848.09814453125
83165986,1729.2764892578125
83165988,1217.57861328125
83165990,-627.2255859375
83165992,-1408.6044921875
83165994,-655.2633056640625
83165996,1393.6717529296875
83165998,2265.510498046875
83166000,1967.8251953125
83166002,2083.55224609375
83166004,1856.4471435546875
83166006,844.9225463867188
83166008,-894.194091796875
83166010,-762.35888671875
83166012,697.2409057617188
83166014,2703.571044921875
83166016,2707.429931640625
83166018,2706.578369140625
83166020,2641.817626953125
83166022,2223.059326171875
83166024,546.5975952148438
83166026,-472.7276306152344
83166028,221.0116424560547
83166030,2289.52734375
83166032,3354.80126953125
83166034,3003.217041015625
83166036,3260.416015625
83166038,2978.772216796875
83166040,1874.345458984375
83166042,-105.8744125366211
83166044,-312.5764465332031
83166046,743.7833862304688
83166048,2656.987060546875
83166050,2543.930908203125
83166052,2386.0849609375
83166054,2257.913330078125
83166056,1826.87255859375
83166058,86.81710052490234
83166060,-1047.3504638671875
83166062,-585.866943359375
83166064,1261.5997314453125
83166066,2455.477294921875
83166068,1950.23828125
83166070,2266.469970703125
83166072,1831.2506103515625
83166074,897.791259765625
83166076,-1071.6290283203125
83166078,-1252.249755859375
83166080,-212.80386352539062
83166082,1813.821533203125
83166084,1925.4779052734375
83166086,1691.793212890625
83166088,1634.4052734375
83166090,1239.0948486328125
83166092,-371.4804992675781
83166094,-1669.4710693359375
83166096,-1198.3177490234375
83166098,595.58251953125
83166100,1995.40185546875
83166102,1534.076171875
83166104,1660.2664794921875
83166106,1406.494384765625
83166108,645.8218383789062
83166110,-1297.82861328125
83166112,-1572.5687255859375
83166114,-525.2058715820312
83166116,1584.506591796875
83166118,1871.624755859375
83166120,1619.3106689453125
83166122,1643.2943115234375
83166124,1258.995361328125
83166126,-143.85610961914062
83166128,-1560.7596435546875
83166130,-1166.03076171875
83166132,535.3492431640625
83166134,2062.39306640625
83166136,1679.560546875
83166138,1799.511962890625
83166140,1583.35595703125
83166142,882.8627319335938
83166144,-1032.2764892578125
83166146,-1445.161376953125
83166148,-587.6904296875
83166150,1505.1038818359375
83166152,2007.584716796875
83166154,1675.1575927734375
83166156,1741.932861328125
83166158,1380.3050537109375
83166160,34.6379508972168
83166162,-1509.3282470703125
83166164,-1197.644775390625
83166166,376.4649658203125
83166168,2055.95068359375
83166170,1752.126220703125
83166172,1767.6943359375
83166174,1571.50537109375
83166176,927.9556274414062
83166178,-943.1292114257812
83166180,-1565.98095703125
83166182,-769.2457885742188
83166184,1377.1981201171875
83166186,1950.234130859375
83166188,1599.8504638671875
83166190,1637.753173828125
83166192,1320.26708984375
83166194,93.64582824707031
83166196,-1597.7279052734375
83166198,-1382.6478271484375
83166200,69.69957733154297
83166202,1909.6937255859375
83166204,1649.578857421875
83166206,1659.1656494140625
83166208,1500.725830078125
83166210,949.2684326171875
83166212,-927.85595703125
83166214,-1680.3082275390625
83166216,-964.6787719726562
83166218,1108.036376953125
83166220,1886.42041015625
83166222,1508.264892578125
83166224,1601.7694091796875
83166226,1259.57275390625
83166228,100.23780059814453
83166230,-1603.4600830078125
83166232,-1483.097412109375
83166234,-137.284912109375
83166236,1785.7962646484375
83166238,1619.780029296875
83166240,1584.9219970703125
83166242,1453.59765625
83166244,941.88720703125
83166246,-833.8487548828125
83166248,-1773.9788818359375
83166250,-1131.2847900390625
83166252,871.4773559570312
83166254,1841.834228515625
83166256,1419.4124755859375
83166258,1553.4241943359375
83166260,1198.0269775390625
83166262,202.56907653808594
83166264,-1626.9534912109375
83166266,-1588.7392578125
83166268,-370.2759094238281
83166270,1640.2330322265625
83166272,1565.5240478515625
83166274,1466.12109375
83166276,1342.726318359375
83166278,937.7584228515625
83166280,-791.4432983398438
83166282,-1890.1837158203125
83166284,-1303.8016357421875
83166286,617.6762084960938
83166288,1848.2060546875
83166290,1399.0758056640625
83166292,1517.0042724609375
83166294,1177.5947265625
83166296,265.6600646972656
83166298,-1615.25244140625
83166300,-1756.765869140625
83166302,-673.4317016601562
83166304,1432.392822265625
83166306,1548.63916015625
83166308,1346.481201171875
83166310,1296.528564453125
83166312,907.855712890625
83166314,-755.8458251953125
83166316,-1988.2490234375
83166318,-1476.713134765625
83166320,359.54266357421875
83166322,1664.723388671875
83166324,1282.1275634765625
83166326,1328.3377685546875
83166328,1091.3634033203125
83166330,319.5630187988281
83166332,-1608.0748291015625
83166334,-1890.736083984375
83166336,-899.323974609375
83166338,1263.0660400390625
83166340,1478.4493408203125
83166342,1251.5394287109375
83166344,1172.926025390625
83166346,823.98779296875
83166348,-675.2551879882812
83166350,-2102.235595703125
83166352,-1667.527099609375
83166354,63.62267303466797
83166356,1600.1038818359375
83166358,1169.640380859375
83166360,1249.9154052734375
83166362,1008.5421142578125
83166364,317.5650939941406
83166366,-1646.849853515625
83166368,-2082.696533203125
83166370,-1108.89208984375
83166372,997.2066040039062
83166374,1468.181396484375
83166376,1176.06201171875
83166378,1153.3536376953125
83166380,848.324462890625
83166382,-479.901123046875
83166384,-2060.299560546875
83166386,-1751.4324951171875
83166388,-116.5038070678711
83166390,1591.3685302734375
83166392,1226.9534912109375
83166394,1332.728271484375
83166396,1117.403076171875
83166398,563.395263671875
83166400,-1353.1978759765625
83166402,-1919.82470703125
83166404,-1041.0450439453125
83166406,1067.8033447265625
83166408,1731.531982421875
83166410,1431.491455078125
83166412,1518.1424560546875
83166414,1176.4774169921875
83166416,-110.69689178466797
83166418,-1766.410888671875
83166420,-1554.749267578125
83166422,3.717587947845459
83166424,1864.3433837890625
83166426,1561.1708984375
83166428,1394.05810546875
83166430,1008.068603515625
83166432,583.3331298828125
83166434,-1466.5157470703125
83166436,-2420.697998046875
83166438,-1912.6387939453125
83166440,163.47418212890625
83166442,1030.7188720703125
83166444,805.4122924804688
83166446,937.3970336914062
83166448,720.9171142578125
83166450,-295.15155029296875
83166452,-1983.2230224609375
83166454,-1655.7720947265625
83166456,-139.39085388183594
83166458,1782.294677734375
83166460,1586.66650390625
83166462,1570.911376953125
83166464,1175.484619140625
83166466,725.1248779296875
83166468,-950.1282348632812
83166470,-2648.01904296875
83166472,-1891.4049072265625
83166474,-107.92219543457031
83166476,1377.6217041015625
83166478,481.2510986328125
83166480,744.7470703125
83166482,377.3330993652344
83166484,-341.06689453125
83166486,-2099.282470703125
83166488,-2183.457763671875
83166490,-936.5289306640625
83166492,1147.2642822265625
83166494,990.9843139648438
83166496,929.1934204101562
83166498,954.1781005859375
83166500,595.9646606445312
83166502,-1089.3321533203125
83166504,-2182.195068359375
83166506,-1580.647705078125
83166508,464.32464599609375
83166510,1669.9654541015625
83166512,1271.656005859375
83166514,1403.7071533203125
83166516,1162.7867431640625
83166518,249.7139129638672
83166520,-1599.8795166015625
83166522,-1690.3726806640625
83166524,-521.9161376953125
83166526,1585.6612548828125
83166528,1562.5291748046875
83166530,1283.1285400390625
83166532,1290.522216796875
83166534,882.0859985351562
83166536,-671.1388549804688
83166538,-1892.792236328125
83166540,-1360.2799072265625
83166542,533.1561279296875
83166544,1803.3084716796875
83166546,1339.6982421875
83166548,1505.872314453125
83166550,1205.5743408203125
83166552,306.9190673828125
83166554,-1755.6319580078125
83166556,-2093.23876953125
83166558,-1092.1068115234375
83166560,773.3330688476562
83166562,931.0418701171875
83166564,611.7778930664062
83166566,551.9766235351562
83166568,109.44246673583984
83166570,-1601.586669921875
83166572,-3146.661865234375
83166574,-2893.15576171875
83166576,-1208.0540771484375
83166578,251.78662109375
83166580,-90.97498321533203
83166582,110.54735565185547
83166584,-37.93185806274414
83166586,-645.6515502929688
83166588,-2478.09423828125
83166590,-2838.7666015625
83166592,-1745.251708984375
83166594,528.1051635742188
83166596,1058.6070556640625
83166598,863.78466796875
83166600,940.4915771484375
83166602,672.5261840820312
83166604,-611.3292846679688
83166606,-1965.648681640625
83166608,-1510.1796875
83166610,242.4615020751953
83166612,2056.7939453125
83166614,1781.933349609375
83166616,1895.284423828125
83166618,1754.1822509765625
83166620,1185.989501953125
83166622,-774.9072875976562
83166624,-1327.565185546875
83166626,-481.2054138183594
83166628,1571.15234375
83166630,2156.470947265625
83166632,1716.8402099609375
83166634,1796.3675537109375
83166636,1479.7412109375
83166638,181.75889587402344
83166640,-1472.409912109375
83166642,-1294.5970458984375
83166644,228.72096252441406
83166646,2027.634765625
83166648,1735.785400390625
83166650,1738.784423828125
83166652,1628.4322509765625
83166654,1051.6619873046875
83166656,-768.8013305664062
83166658,-1485.6644287109375
83166660,-732.892333984375
83166662,1343.399169921875
83166664,2132.5703125
83166666,1719.8682861328125
83166668,1824.8953857421875
83166670,1483.8658447265625
83166672,454.9579772949219
83166674,-1320.341796875
83166676,-1216.5443115234375
83166678,179.42449951171875
83166680,2060.922607421875
83166682,1856.600830078125
83166684,1875.3092041015625
83166686,1709.978271484375
83166688,1198.9324951171875
83166690,-512.5494384765625
83166692,-1404.9034423828125
83166694,-788.2532348632812
83166696,1222.9202880859375
83166698,2085.53369140625
83166700,1701.488037109375
83166702,1819.8402099609375
83166704,1480.1898193359375
83166706,466.5011901855469
83166708,-1335.424072265625
83166710,-1357.34326171875
83166712,-114.58062744140625
83166714,1947.3638916015625
83166716,1807.2545166015625
83166718,1684.171142578125
83166720,1597.603271484375
83166722,1175.6051025390625
83166724,-538.6846923828125
83166726,-1599.705078125
83166728,-1038.6026611328125
83166730,887.5523071289062
83166732,1980.843017578125
83166734,1557.814697265625
83166736,1648.31201171875
83166738,1400.72900390625
83166740,471.5355224609375
83166742,-1425.5806884765625
83166744,-1509.6563720703125
83166746,-350.9112243652344
83166748,1688.99365234375
83166750,1735.3658447265625
83166752,1559.5966796875
83166754,1492.73828125
83166756,1075.3548583984375
83166758,-520.2006225585938
83166760,-1679.369384765625
83166762,-1200.1038818359375
83166764,643.915283203125
83166766,1914.8402099609375
83166768,1494.923095703125
83166770,1595.2647705078125
83166772,1331.85595703125
83166774,464.4991149902344
83166776,-1395.61572265625
83166778,-1665.313232421875
83166780,-615.013671875
83166782,1478.1087646484375
83166784,1694.194091796875
83166786,1475.53759765625
83166788,1656.80224609375
83166790,1304.87744140625
83166792,-306.0093994140625
83166794,-1695.10791015625
83166796,-1266.6881103515625
83166798,507.46527099609375
83166800,1940.9505615234375
83166802,1491.924072265625
83166804,1548.62255859375
83166806,1279.94677734375
83166808,592.7164306640625
83166810,-1328.499755859375
83166812,-1722.69287109375
83166814,-822.0936889648438
83166816,1292.939697265625
83166818,1664.5074462890625
83166820,1380.9281005859375
83166822,1387.760986328125
83166824,983.2791748046875
83166826,-398.9075622558594
83166828,-1900.7880859375
83166830,-1582.8865966796875
83166832,78.60517883300781
83166834,1712.985595703125
83166836,1349.77099609375
83166838,1401.10693359375
83166840,1149.1002197265625
83166842,543.8436279296875
83166844,-1397.9542236328125
83166846,-1946.5830078125
83166848,-1108.3603515625
83166850,1040.1602783203125
83166852,1540.9630126953125
83166854,1195.414306640625
83166856,1220.8433837890625
83166858,900.233642578125
83166860,-388.08294677734375
83166862,-2035.908935546875
83166864,-1805.33544921875
83166866,-262.2997131347656
83166868,1502.18798828125
83166870,1185.146240234375
83166872,1224.0625
83166874,1002.3489379882812
83166876,471.5479736328125
83166878,-1414.74365234375
83166880,-2107.510986328125
83166882,-1352.421142578125
83166884,703.8037719726562
83166886,1439.3212890625
83166888,1028.5506591796875
83166890,1120.9586181640625
83166892,785.5408325195312
83166894,-377.0921630859375
83166896,-2189.580322265625
83166898,-2057.903076171875
83166900,-611.0053100585938
83166902,1276.877197265625
83166904,1046.012939453125
83166906,1003.3167114257812
83166908,851.2777709960938
83166910,345.3576965332031
83166912,-1485.51904296875
83166914,-2337.9599609375
83166916,-1710.4683837890625
83166918,319.9991760253906
83166920,1202.463134765625
83166922,783.8129272460938
83166924,847.5809326171875
83166926,483.0496520996094
83166928,-569.5261840820312
83166930,-2433.7490234375
83166932,-2438.83740234375
83166934,-1238.654541015625
83166936,686.4785766601562
83166938,529.1768188476562
83166940,367.4638366699219
83166942,165.03598022460938
83166944,-433.0636901855469
83166946,-2334.188232421875
83166948,-3523.953369140625
83166950,-3120.67626953125
83166952,-1352.4127197265625
83166954,-502.5597229003906
83166956,-1271.5811767578125
83166958,-1487.2427978515625
83166960,-1807.2752685546875
83166962,-3263.124267578125
83166964,-5892.34765625
83166966,-6790.23046875
83166968,-4729.49853515625
83166970,-1036.6005859375
83166972,-1424.6253662109375
83166974,-979.9727783203125
83166976,-1311.46533203125
83166978,-1494.6572265625
83166980,-3886.964599609375
83166982,-5361.18115234375
83166984,-5337.16455078125
83166986,-3282.762939453125
83166988,-2321.57763671875
83166990,-2912.69482421875
83166992,-2901.587646484375
83166994,-2910.14013671875
83166996,-3655.543701171875
83166998,-5558.96923828125
83167000,-5834.4697265625
83167002,-4832.29931640625
83167004,-2392.73095703125
83167006,-1732.470703125
83167008,-2006.699951171875
83167010,-2078.688232421875
83167012,-2223.08837890625
83167014,-3547.189453125
83167016,-4872.2373046875
83167018,-4421.90234375
83167020,-2338.416748046875
83167022,-639.1842041015625
83167024,-888.424560546875
83167026,-715.1019287109375
83167028,-956.3629760742188
83167030,-1638.932861328125
83167032,-3495.853515625
83167034,-3770.68505859375
83167036,-2700.53466796875
83167038,-402.6999206542969
83167040,124.99402618408203
83167042,51.0410270690918
83167044,187.407958984375
83167046,-12.319961547851562
83167048,-1563.542724609375
83167050,-4163.99755859375
83167052,-3556.439697265625
83167054,-1262.01513671875
83167056,1051.9071044921875
83167058,1383.096435546875
83167060,2220.87451171875
83167062,2661.693115234375
83167064,2478.83349609375
83167066,765.6029663085938
83167068,500.1339416503906
83167070,1690.160888671875
83167072,4204.26806640625
83167074,4947.4697265625
83167076,4556.37548828125
83167078,4756.20703125
83167080,4726.44970703125
83167082,3667.5478515625
83167084,2182.394287109375
83167086,2574.468994140625
83167088,4335.15625
83167090,6273.6435546875
83167092,6037.9775390625
83167094,6240.484375
83167096,6221.9130859375
83167098,6005.55322265625
83167100,4300.21923828125
83167102,3672.582275390625
83167104,4252.09375
83167106,6131.9267578125
83167108,6593.0029296875
83167110,6170.14501953125
83167112,6280.8046875
83167114,5920.21923828125
83167116,4951.291015625
83167118,3792.23046875
83167120,4457.72412109375
83167122,5631.52685546875
83167124,6471.4814453125
83167126,6081.068359375
83167128,6772.17431640625
83167130,6422.4921875
83167132,5935.6708984375
83167134,3880.0859375
83167136,3068.94970703125
83167138,3606.23046875
83167140,5751.03759765625
83167142,6496.9560546875
83167144,5919.75830078125
83167146,5733.55908203125
83167148,4865.857421875
83167150,3397.455810546875
83167152,1200.004150390625
83167154,857.9569702148438
83167156,1787.2418212890625
83167158,3433.506103515625
83167160,2991.653076171875
83167162,2660.9912109375
83167164,2292.73828125
83167166,1606.330322265625
83167168,-317.5692443847656
83167170,-1505.4403076171875
83167172,-1000.0435791015625
83167174,843.8633422851562
83167176,1785.53466796875
83167178,1250.5301513671875
83167180,1308.20458984375
83167182,947.0586547851562
83167184,-22.641979217529297
83167186,-1964.518798828125
83167188,-2011.028076171875
83167190,-842.9246215820312
83167192,1154.5789794921875
83167194,1166.869873046875
83167196,1035.7158203125
83167198,902.04052734375
83167200,497.8369445800781
83167202,-1107.936767578125
83167204,-2265.40673828125
83167206,-1769.4970703125
83167208,121.17675018310547
83167210,1350.4730224609375
83167212,937.3845825195312
83167214,1076.9375
83167216,773.9893188476562
83167218,-7.4600982666015625
83167220,-1920.3397216796875
83167222,-2084.81494140625
83167224,-1046.3037109375
83167226,1048.712890625
83167228,1201.520263671875
83167230,1010.7477416992188
83167232,1009.2108764648438
83167234,643.7907104492188
83167236,-915.2991943359375
83167238,-2198.46923828125
83167240,-1798.7393798828125
83167242,-45.2673454284668
83167244,1403.6822509765625
83167246,987.1629028320312
83167248,1096.750732421875
83167250,790.7371826171875
83167252,63.31945037841797
83167254,-1802.6937255859375
83167256,-2139.914306640625
83167258,-1199.783935546875
83167260,961.4222412109375
83167262,1313.575439453125
83167264,1006.0166625976562
83167266,1003.7653198242188
83167268,648.0524291992188
83167270,-739.849853515625
83167272,-2213.44775390625
83167274,-1801.8919677734375
83167276,-200.41744995117188
83167278,1413.9420166015625
83167280,1073.5106201171875
83167282,1092.833740234375
83167284,895.3280639648438
83167286,218.80184936523438
83167288,-1626.2972412109375
83167290,-2114.5888671875
83167292,-1266.775390625
83167294,835.9588012695312
83167296,1313.3885498046875
83167298,1057.7928466796875
83167300,1072.7587890625
83167302,696.3602905273438
83167304,-535.9473876953125
83167306,-2120.23388671875
83167308,-1874.885498046875
83167310,-312.7342834472656
83167312,1395.0009765625
83167314,1099.720703125
83167316,1116.2899169921875
83167318,945.5798950195312
83167320,332.0989685058594
83167322,-1456.5882568359375
83167324,-2167.428466796875
83167326,-1363.3121337890625
83167328,655.5415649414062
83167330,1354.070068359375
83167332,998.35302734375
83167334,1086.78173828125
83167336,778.753662109375
83167338,-347.77099609375
83167340,-2045.88623046875
83167342,-1892.17333984375
83167344,-477.7162780761719
83167346,1349.783447265625
83167348,1080.5635986328125
83167350,1127.3720703125
83167352,943.353515625
83167354,408.9429626464844
83167356,-1331.785400390625
83167358,-2197.310546875
83167360,-1456.5592041015625
83167362,522.3107299804688
83167364,1364.878173828125
83167366,988.4089965820312
83167368,1096.81298828125
83167370,808.9221801757812
83167372,-219.70736694335938
83167374,-2028.3948974609375
83167376,-1956.7679443359375
83167378,-600.2554321289062
83167380,1304.1007080078125
83167382,1180.7515869140625
83167384,1083.6748046875
83167386,1017.2732543945312
83167388,544.2216186523438
83167390,-1183.588623046875
83167392,-2139.253662109375
83167394,-1551.42626953125
83167396,382.1181945800781
83167398,1413.0655517578125
83167400,1033.0574951171875
83167402,1121.1580810546875
83167404,867.8428344726562
83167406,-95.25332641601562
83167408,-1919.0811767578125
83167410,-1970.1844482421875
83167412,-762.969482421875
83167414,1222.3179931640625
83167416,1222.803955078125
83167418,1074.565673828125
83167420,1033.53515625
83167422,622.0999145507812
83167424,-984.5917358398438
83167426,-2131.901611328125
83167428,-1640.424072265625
83167430,249.1573028564453
83167432,1477.253173828125
83167434,1025.4769287109375
83167436,1169.6611328125
83167438,875.1617431640625
83167440,11.015690803527832
83167442,-1868.7587890625
83167444,-2006.8868408203125
83167446,-944.7325439453125
83167448,1121.5401611328125
83167450,1259.0826416015625
83167452,1054.602783203125
83167454,1009.1735229492188
83167456,676.5885620117188
83167458,-824.7229614257812
83167460,-2079.1201171875
83167462,-1688.466064453125
83167464,107.14960479736328
83167466,1509.232666015625
83167468,1097.045654296875
83167470,1153.8603515625
83167472,930.5309448242188
83167474,189.48483276367188
83167476,-1694.9625244140625
83167478,-1996.5399169921875
83167480,-1044.9080810546875
83167482,1006.6480102539062
83167484,1327.5069580078125
83167486,1114.698974609375
83167488,1046.1624755859375
83167490,739.0108032226562
83167492,-695.525390625
83167494,-2122.74267578125
83167496,-1709.916015625
83167498,-96.77359008789062
83167500,1472.5885009765625
83167502,1141.9183349609375
83167504,1192.6353759765625
83167506,1064.010986328125
83167508,556.9901733398438
83167510,-1458.494873046875
83167512,-1876.738037109375
83167514,-1040.6920166015625
83167516,1065.53125
83167518,1486.482666015625
83167520,1175.7919921875
83167522,1225.7032470703125
83167524,807.7840576171875
83167526,-460.05047607421875
83167528,-2038.318115234375
83167530,-1763.9393310546875
83167532,-237.31918334960938
83167534,1476.2396240234375
83167536,1159.1231689453125
83167538,1235.4188232421875
83167540,1021.3231811523438
83167542,413.6948547363281
83167544,-1414.71044921875
83167546,-2080.79833984375
83167548,-1268.939453125
83167550,818.7208251953125
83167552,1454.9766845703125
83167554,1073.032958984375
83167556,1137.0751953125
83167558,851.3359375
83167560,-362.333984375
83167562,-2030.949462890625
83167564,-1882.457763671875
83167566,-402.21392822265625
83167568,1419.852783203125
83167570,1172.2364501953125
83167572,1182.69970703125
83167574,993.3560791015625
83167576,497.0435791015625
83167578,-1332.105224609375
83167580,-2119.82666015625
83167582,-1397.1318359375
83167584,654.2747192382812
83167586,1475.3382568359375
83167588,1083.4879150390625
83167590,1195.73828125
83167592,897.3592529296875
83167594,-193.70086669921875
83167596,-1999.3021240234375
83167598,-1935.023193359375
83167600,-581.8959350585938
83167602,1306.2066650390625
83167604,1227.5018310546875
83167606,1190.6832275390625
83167608,1010.9554443359375
83167610,542.46875
83167612,-1162.8282470703125
83167614,-2120.02197265625
83167616,-1487.001953125
83167618,504.9439697265625
83167620,1517.8599853515625
83167622,1087.2802734375
83167624,1177.27490234375
83167626,899.5482788085938
83167628,-48.93093490600586
83167630,-1900.684326171875
83167632,-1939.4718017578125
83167634,-756.273681640625
83167636,1254.019287109375
83167638,1260.3826904296875
83167640,1136.3192138671875
83167642,1046.8602294921875
83167644,636.7874755859375
83167646,-1002.3406372070312
83167648,-2131.880859375
83167650,-1565.6070556640625
83167652,337.0086975097656
83167654,1534.5621337890625
83167656,1113.2535400390625
83167658,1209.79443359375
83167660,893.263671875
83167662,24.299318313598633
83167664,-1835.15087890625
83167666,-1972.2738037109375
83167668,-832.0127563476562
83167670,1243.2984619140625
83167672,1312.1630859375
83167674,1109.9512939453125
83167676,1082.8232421875
83167678,703.392578125
83167680,-875.0205078125
83167682,-2140.225830078125
83167684,-1671.07861328125
83167686,149.47195434570312
83167688,1533.9183349609375
83167690,1107.03955078125
83167692,1248.7191162109375
83167694,958.7804565429688
83167696,203.5618133544922
83167698,-1673.890625
83167700,-2015.9337158203125
83167702,-983.0839233398438
83167704,1090.66552734375
83167706,1353.1064453125
83167708,1136.24853515625
83167710,1101.0166015625
83167712,755.5177001953125
83167714,-711.4133911132812
83167716,-2120.6201171875
83167718,-1760.454345703125
83167720,-17.82780647277832
83167722,1476.5054931640625
83167724,1104.8670654296875
83167726,1137.8726806640625
83167728,950.1365356445312
83167730,300.6676940917969
83167732,-1618.48828125
83167734,-2096.781982421875
83167736,-1142.60791015625
83167738,949.9163818359375
83167740,1407.10498046875
83167742,1118.1715087890625
83167744,1112.9876708984375
83167746,799.71337890625
83167748,-559.8978271484375
83167750,-2077.911376953125
83167752,-1820.7166748046875
83167754,-226.7313232421875
83167756,1458.515625
83167758,1153.0504150390625
83167760,1151.8043212890625
83167762,955.9683837890625
83167764,342.06793212890625
83167766,-1499.0394287109375
83167768,-2118.829833984375
83167770,-1281.072509765625
83167772,795.5804443359375
83167774,1438.095947265625
83167776,1049.5311279296875
83167778,1118.7115478515625
83167780,768.3776245117188
83167782,-415.3937072753906
83167784,-2090.925048828125
83167786,-1906.453857421875
83167788,-435.4147033691406
83167790,1418.0167236328125
83167792,1130.3419189453125
83167794,1112.0489501953125
83167796,975.0464477539062
83167798,408.11639404296875
83167800,-1423.4083251953125
83167802,-2191.545166015625
83167804,-1478.0257568359375
83167806,560.5374755859375
83167808,1383.8232421875
83167810,1021.9711303710938
83167812,1098.9189453125
83167814,819.788330078125
83167816,-313.0873718261719
83167818,-2063.70166015625
83167820,-1954.126220703125
83167822,-599.7777709960938
83167824,1313.7830810546875
83167826,1166.5250244140625
83167828,1090.611572265625
83167830,991.6115112304688
83167832,482.54705810546875
83167834,-1284.3663330078125
83167836,-2235.449951171875
83167838,-1600.947021484375
83167840,412.68548583984375
83167842,1399.0426025390625
83167844,990.2989501953125
83167846,1101.33642578125
83167848,833.7698364257812
83167850,-168.15542602539062
83167852,-1995.509765625
83167854,-2009.698974609375
83167856,-760.4191284179688
83167858,1242.517578125
83167860,1187.1068115234375
83167862,1102.1007080078125
83167864,1011.6366577148438
83167866,417.53704833984375
83167868,-1390.9219970703125
83167870,-2396.22412109375
83167872,-1835.1966552734375
83167874,116.55364990234375
83167876,1280.212646484375
83167878,922.410400390625
83167880,1017.7094116210938
83167882,750.9028930664062
83167884,-129.36790466308594
83167886,-2004.8349609375
83167888,-2148.063720703125
83167890,-998.988525390625
83167892,1056.5426025390625
83167894,1170.0723876953125
83167896,983.5117797851562
83167898,945.6629638671875
83167900,567.8729858398438
83167902,-1011.080078125
83167904,-2294.744384765625
83167906,-1817.443603515625
83167908,-16.311695098876953
83167910,1342.5767822265625
83167912,931.4114990234375
83167914,1014.0665893554688
83167916,770.9487915039062
83167918,-15.966936111450195
83167920,-1958.732666015625
83167922,-2239.138427734375
83167924,-1288.677978515625
83167926,890.7299194335938
83167928,1119.3968505859375
83167930,889.6956176757812
83167932,851.5519409179688
83167934,450.5342712402344
83167936,-1035.8404541015625
83167938,-2495.427734375
83167940,-2114.8505859375
83167942,-376.7681884765625
83167944,1051.9984130859375
83167946,651.5789184570312
83167948,726.7572631835938
83167950,441.5746765136719
83167952,-242.4698028564453
83167954,-2130.531005859375
83167956,-2557.318359375
83167958,-1588.5648193359375
83167960,594.7351684570312
83167962,1117.5111083984375
83167964,889.4962158203125
83167966,1010.2534790039062
83167968,534.4188232421875
83167970,-704.1568603515625
83167972,-1832.36376953125
83167974,-2285.69775390625
83167976,-699.8992919921875
83167978,628.6378784179688
83167980,323.4135437011719
83167982,354.3421936035156
83167984,307.61688232421875
83167986,10.679238319396973
83167988,-1892.135986328125
83167990,-2539.702392578125
83167992,-1853.7264404296875
83167994,56.88117218017578
83167996,526.97119140625
83167998,14.479901313781738
83168000,106.58885192871094
83168002,-148.53321838378906
83168004,-1270.106689453125
83168006,-2907.8515625
83168008,-2634.170654296875
83168010,-1156.90087890625
83168012,671.0806884765625
83168014,468.0131530761719
83168016,521.9992065429688
83168018,438.7626037597656
83168020,-87.32801055908203
83168022,-1817.7010498046875
83168024,-2532.080322265625
83168026,-1765.3017578125
83168028,324.90472412109375
83168030,1163.3931884765625
83168032,672.418212890625
83168034,658.2373657226562
83168036,235.4873809814453
83168038,-913.326171875
83168040,-2801.72802734375
83168042,-2727.205810546875
83168044,-1475.1138916015625
83168046,373.9104309082031
83168048,117.27224731445312
83168050,28.772884368896484
83168052,-221.85069274902344
83168054,-770.1803588867188
83168056,-2687.001953125
83168058,-3717.429931640625
83168060,-3239.6513671875
83168062,-1299.685302734375
83168064,-545.2683715820312
83168066,-1158.5499267578125
83168068,-1230.38037109375
83168070,-1663.0162353515625
83168072,-2652.987060546875
83168074,-4485.99853515625
83168076,-4433.009765625
83168078,-3066.3330078125
83168080,-993.9459228515625
83168082,-1107.076904296875
83168084,-1142.989990234375
83168086,-1078.6405029296875
83168088,-1340.8404541015625
83168090,-2757.4990234375
83168092,-3622.779052734375
83168094,-2896.840087890625
83168096,-783.621826171875
83168098,671.9571533203125
83168100,738.6328125
83168102,1464.1688232421875
83168104,1843.55810546875
83168106,1632.75634765625
83168108,360.1989440917969
83168110,803.1693115234375
83168112,2328.539306640625
83168114,4539.24951171875
83168116,4868.79833984375
83168118,4809.7861328125
83168120,4761.615234375
83168122,4361.486328125
83168124,2762.2841796875
83168126,1400.3385009765625
83168128,1737.5257568359375
83168130,3447.562255859375
83168132,4623.76123046875
83168134,4031.86328125
83168136,3936.9296875
83168138,3593.628173828125
83168140,2587.6572265625
83168142,545.505126953125
83168144,142.0409393310547
83168146,1027.778076171875
83168148,3023.02197265625
83168150,3167.667236328125
83168152,2832.237060546875
83168154,2712.921142578125
83168156,2241.8798828125
83168158,671.0557861328125
83168160,-794.259521484375
83168162,-451.9216003417969
83168164,1209.682373046875
83168166,2659.6787109375
83168168,2204.13916015625
83168170,2191.0673828125
83168172,1942.998291015625
83168174,1146.52490234375
83168176,-770.5458984375
83168178,-1226.8580322265625
83168180,-349.0337219238281
83168182,1692.121337890625
83168184,2119.976318359375
83168186,1747.4947509765625
83168188,1762.9425048828125
83168190,1366.99658203125
83168192,-4.373877048492432
83168194,-1543.883056640625
83168196,-1242.3887939453125
83168198,306.5660095214844
83168200,1939.583984375
83168202,1600.4527587890625
83168204,1655.257080078125
83168206,1447.6827392578125
83168208,783.01953125
83168210,-1114.66162109375
83168212,-1702.8919677734375
83168214,-847.2445068359375
83168216,1196.2200927734375
83168218,1775.4617919921875
83168220,1445.5269775390625
83168222,1483.629150390625
83168224,1211.30224609375
83168226,179.67787170410156
83168228,-1534.171630859375
83168230,-1321.3345947265625
83168232,106.7300796508789
83168234,1805.4849853515625
83168236,1579.8917236328125
83168238,1575.123291015625
83168240,1388.4630126953125
83168242,806.5961303710938
83168244,-1013.5930786132812
83168246,-1756.782470703125
83168248,-1076.8751220703125
83168250,1017.3023681640625
83168252,1739.3575439453125
83168254,1343.112548828125
83168256,1437.0657958984375
83168258,1096.2274169921875
83168260,-43.8883056640625
83168262,-1798.4569091796875
83168264,-1669.566650390625
83168266,-291.0144348144531
83168268,1606.9117431640625
83168270,1443.350341796875
83168272,1375.507568359375
83168274,1233.666015625
83168276,731.8414306640625
83168278,-1008.7498168945312
83168280,-1929.295166015625
83168282,-1290.268798828125
83168284,728.4520263671875
83168286,1694.725830078125
83168288,1272.7816162109375
83168290,1353.8665771484375
83168292,1011.2171630859375
83168294,19.634679794311523
83168296,-1792.625
83168298,-1822.4737548828125
83168300,-537.2267456054688
83168302,1424.704345703125
83168304,1330.0615234375
83168306,1249.6453857421875
83168308,1151.2476806640625
83168310,725.88916015625
83168312,-972.19287109375
83168314,-2071.892822265625
83168316,-1451.815673828125
83168318,495.36962890625
83168320,1612.0499267578125
83168322,1207.904541015625
83168324,1303.0
83168326,1017.6553955078125
83168328,80.0631332397461
83168330,-1753.1937255859375
83168332,-1932.4520263671875
83168334,-750.2590942382812
83168336,1297.857666015625
83168338,1376.6871337890625
83168340,1234.4759521484375
83168342,1155.04833984375
83168344,749.1541748046875
83168346,-864.4866333007812
83168348,-2085.9365234375
83168350,-1602.3468017578125
83168352,237.94639587402344
83168354,1567.3641357421875
83168356,1136.4853515625
83168358,1231.36474609375
83168360,961.9580688476562
83168362,210.13302612304688
83168364,-1723.8350830078125
83168366,-1974.45458984375
83168368,-964.5084228515625
83168370,1109.157958984375
83168372,1359.191650390625
83168374,1082.70703125
83168376,1089.0040283203125
83168378,684.7880249023438
83168380,-734.3212280273438
83168382,-2132.9443359375
83168384,-1724.7655029296875
83168386,11.111226081848145
83168388,1500.331298828125
83168390,1113.6356201171875
83168392,1222.9119873046875
83168394,976.4005737304688
83168396,260.31005859375
83168398,-1609.5203857421875
83168400,-2029.9691162109375
83168402,-1100.430908203125
83168404,977.713134765625
83168406,1427.262939453125
83168408,1146.7366943359375
83168410,1143.77099609375
83168412,794.5877075195312
83168414,-551.577880859375
83168416,-2115.257568359375
83168418,-1779.162841796875
83168420,-123.6440658569336
83168422,1521.1995849609375
83168424,1218.4176025390625
83168426,1227.925537109375
83168428,1070.927001953125
83168430,419.82574462890625
83168432,-1465.3526611328125
83168434,-2028.9639892578125
83168436,-1188.784912109375
83168438,925.0189208984375
83168440,1460.03173828125
83168442,1134.5330810546875
83168444,1182.47119140625
83168446,851.0991821289062
83168448,-395.3395080566406
83168450,-2083.647705078125
83168452,-1801.5928955078125
83168454,-332.04083251953125
83168456,1448.08984375
83168458,1184.203369140625
83168460,1239.0201416015625
83168462,1026.303466796875
83168464,463.182373046875
83168466,-1337.7376708984375
83168468,-2077.695556640625
83168470,-1341.6878662109375
83168472,731.4385375976562
83168474,1519.2763671875
83168476,1077.04541015625
83168478,1198.521240234375
83168480,885.4588012695312
83168482,-256.74200439453125
83168484,-2001.79443359375
83168486,-1863.2425537109375
83168488,-529.08544921875
83168490,1398.888916015625
83168492,1198.197265625
83168494,1172.1990966796875
83168496,1062.8314208984375
83168498,538.7677612304688
83168500,-1247.2901611328125
83168502,-2136.67431640625
83168504,-1444.77099609375
83168506,571.0380859375
83168508,1491.571044921875
83168510,1117.5567626953125
83168512,1208.888916015625
83168514,928.3377685546875
83168516,-97.6209487915039
83168518,-1921.7603759765625
83168520,-1904.8214111328125
83168522,-641.16552734375
83168524,1337.5257568359375
83168526,1264.9310302734375
83168528,1174.869873046875
83168530,1056.2352294921875
83168532,603.9564208984375
83168534,-1037.572509765625
83168536,-2092.82763671875
83168538,-1505.315673828125
83168540,396.951171875
83168542,1578.2510986328125
83168544,1140.0906982421875
83168546,1249.595458984375
83168548,925.9036865234375
83168550,23.688718795776367
83168552,-1798.103759765625
83168554,-1907.8494873046875
83168556,-744.119873046875
83168558,1259.601806640625
83168560,1340.948486328125
83168562,1223.451904296875
83168564,1140.14892578125
83168566,736.5850219726562
83168568,-910.0946044921875
83168570,-2116.62841796875
83168572,-1622.853759765625
83168574,218.65231323242188
83168576,1534.37939453125
83168578,1073.42333984375
83168580,1215.863037109375
83168582,921.1268920898438
83168584,84.14625549316406
83168586,-1986.359130859375
83168588,-2094.497314453125
83168590,-1141.95166015625
83168592,1005.5390014648438
83168594,1258.34326171875
83168596,1032.43017578125
83168598,1028.343017578125
83168600,653.1947021484375
83168602,-844.7190551757812
83168604,-2159.39111328125
83168606,-1747.1251220703125
83168608,35.310855865478516
83168610,1510.4580078125
83168612,1078.84814453125
83168614,1194.9449462890625
83168616,926.38134765625
83168618,233.99203491210938
83168620,-1659.1282958984375
83168622,-2032.3741455078125
83168624,-1049.431396484375
83168626,1082.150390625
83168628,1397.430908203125
83168630,1145.5030517578125
83168632,1149.55712890625
83168634,824.885009765625
83168636,-549.0275268554688
83168638,-2039.1904296875
83168640,-1696.90234375
83168642,-76.540771484375
83168644,1557.158447265625
83168646,1139.7293701171875
83168648,1222.87451171875
83168650,1038.137451171875
83168652,389.6239929199219
83168654,-1492.9625244140625
83168656,-2003.036376953125
83168658,-1148.958984375
83168660,916.9482421875
83168662,1481.33203125
83168664,1121.1373291015625
83168666,1196.7642822265625
83168668,817.9981079101562
83168670,-415.206787109375
83168672,-2027.40625
83168674,-1793.23974609375
83168676,-277.2531433105469
83168678,1464.7171630859375
83168680,1220.4820556640625
83168682,1230.326416015625
83168684,996.1224975585938
83168686,497.3135681152344
83168688,-1354.24462890625
83168690,-2061.8115234375
83168692,-1329.982666015625
83168694,740.0824584960938
83168696,1489.3072509765625
83168698,1104.987548828125
83168700,1195.40185546875
83168702,910.3189086914062
83168704,-240.23509216308594
83168706,-1962.5001220703125
83168708,-1810.274169921875
83168710,-448.7273864746094
83168712,1421.6014404296875
83168714,1239.219482421875
83168716,1201.586669921875
83168718,1073.3486328125
83168720,551.7108154296875
83168722,-1240.677490234375
83168724,-2099.510986328125
83168726,-1425.65966796875
83168728,615.013671875
83168730,1514.387451171875
83168732,1105.7518310546875
83168734,1213.8651123046875
83168736,913.7581787109375
83168738,-96.87327575683594
83168740,-1886.204345703125
83168742,-1857.7388916015625
83168744,-607.3707885742188
83168746,1393.3809814453125
83168748,1286.0985107421875
83168750,1241.32958984375
83168752,1042.6650390625
83168754,628.4592895507812
83168756,-1065.6351318359375
83168758,-2084.000732421875
83168760,-1545.586181640625
83168762,398.9947814941406
83168764,1497.2325439453125
83168766,1124.6014404296875
83168768,1199.6053466796875
83168770,890.8794555664062
83168772,-4.614793300628662
83168774,-1870.29150390625
83168776,-1982.425537109375
83168778,-776.30712890625
83168780,1249.3712158203125
83168782,1338.9298095703125
83168784,1150.4168701171875
83168786,1089.6602783203125
83168788,644.22265625
83168790,-953.5135498046875
83168792,-2165.48046875
83168794,-1642.87060546875
83168796,219.21307373046875
83168798,1463.1387939453125
83168800,1056.4761962890625
83168802,1185.162841796875
83168804,901.0809936523438
83168806,88.82334899902344
83168808,-1787.05908203125
83168810,-2055.63916015625
83168812,-1008.97412109375
83168814,1060.1978759765625
83168816,1245.1551513671875
83168818,1032.392822265625
83168820,1049.643310546875
83168822,642.6110229492188
83168824,-870.2769165039062
83168826,-2206.087158203125
83168828,-1808.2969970703125
83168830,7.152722358703613
83168832,1463.63720703125
83168834,1000.3302001953125
83168836,1133.0543212890625
83168838,824.59423828125
83168840,151.64019775390625
83168842,-1802.984375
83168844,-2190.161865234375
83168846,-1208.6895751953125
83168848,875.361083984375
83168850,1223.701171875
83168852,970.5811767578125
83168854,994.2781982421875
83168856,606.7975463867188
83168858,-782.0226440429688
83168860,-2296.144287109375
83168862,-1920.48095703125
83168864,-299.9200439453125
83168866,1335.718994140625
83168868,950.1531372070312
83168870,987.3331909179688
83168872,789.5491943359375
83168874,126.95458984375
83168876,-1837.6473388671875
83168878,-2352.186279296875
83168880,-1513.2950439453125
83168882,580.5127563476562
83168884,1093.5814208984375
83168886,744.72216796875
83168888,799.4683227539062
83168890,386.25115966796875
83168892,-887.7059936523438
83168894,-2561.181396484375
83168896,-2345.365966796875
83168898,-816.4902954101562
83168900,881.5916748046875
83168902,559.8189086914062
83168904,495.8057556152344
83168906,251.7367706298828
83168908,-379.1898193359375
83168910,-2354.98193359375
83168912,-3122.474853515625
83168914,-2485.284423828125
83168916,-515.394775390625
83168918,69.90311431884766
83168920,-421.566162109375
83168922,-514.8838500976562
83168924,-965.9497680664062
83168926,-2293.473388671875
83168928,-4236.75830078125
83168930,-4206.46533203125
83168932,-2893.1474609375
83168934,-1083.5294189453125
83168936,-1327.050048828125
83168938,-1152.8509521484375
83168940,-1334.4644775390625
83168942,-1931.696044921875
83168944,-3217.5205078125
83168946,-3810.668701171875
83168948,-3108.45166015625
83168950,-1084.2105712890625
83168952,-315.5962219238281
83168954,-939.0460815429688
83168956,-646.299560546875
83168958,-691.7911987304688
83168960,-1480.310302734375
83168962,-3092.252197265625
83168964,-2849.26318359375
83168966,-1409.019775390625
83168968,748.8592529296875
83168970,784.53564453125
83168972,787.6716918945312
83168974,740.489501953125
83168976,397.8608093261719
83168978,-1320.3251953125
83168980,-2296.356201171875
83168982,-1652.9808349609375
83168984,317.8350830078125
83168986,1446.36181640625
83168988,948.9153442382812
83168990,1091.662353515625
83168992,875.0994262695312
83168994,-81.15556335449219
83168996,-1950.9071044921875
83168998,-2041.2257080078125
83169000,-852.6360473632812
83169002,1178.080810546875
83169004,1191.3975830078125
83169006,1049.5186767578125
83169008,871.9467163085938
83169010,415.73846435546875
83169012,-1367.2998046875
83169014,-2693.35302734375
83169016,-2342.292236328125
83169018,-587.9603881835938
83169020,544.7824096679688
83169022,-10.05617904663086
83169024,-90.46823120117188
83169026,-528.8154296875
83169028,-1425.2484130859375
83169030,-3445.597412109375
83169032,-3706.05712890625
83169034,-2706.27099609375
83169036,-693.7891235351562
83169038,-548.7367553710938
83169040,-799.5596923828125
83169042,-800.5607299804688
83169044,-1145.8602294921875
83169046,-2595.520263671875
83169048,-3910.669921875
83169050,-3425.6845703125
83169052,-1322.427001953125
83169054,425.57867431640625
83169056,924.7406616210938
83169058,1900.705078125
83169060,2781.457763671875
83169062,2873.43798828125
83169064,1663.85107421875
83169066,1813.534912109375
83169068,3126.744873046875
83169070,5492.38916015625
83169072,5961.9560546875
83169074,5696.1005859375
83169076,5654.53857421875
83169078,5236.42822265625
83169080,3635.759521484375
83169082,1942.8280029296875
83169084,2079.6767578125
83169086,3559.875
83169088,4948.41259765625
83169090,4372.37353515625
83169092,4211.14208984375
83169094,3834.78125
83169096,3014.249267578125
83169098,863.7514038085938
83169100,238.14576721191406
83169102,943.7190551757812
83169104,2916.051025390625
83169106,3311.747802734375
83169108,2804.577392578125
83169110,2732.531005859375
83169112,2315.550537109375
83169114,919.7810668945312
83169116,-816.2908935546875
83169118,-639.038818359375
83169120,782.2261962890625
83169122,2473.88232421875
83169124,2163.183349609375
83169126,2084.868896484375
83169128,1878.237548828125
83169130,1206.101806640625
83169132,-727.9078369140625
83169134,-1429.1072998046875
83169136,-654.4574584960938
83169138,1371.4078369140625
83169140,1993.8482666015625
83169142,1632.0875244140625
83169144,1640.6982421875
83169146,1327.2412109375
83169148,83.85133361816406
83169150,-1612.0416259765625
83169152,-1532.925537109375
83169154,-91.3903579711914
83169156,1740.5662841796875
83169158,1484.5303955078125
83169160,1460.65478515625
83169162,1265.3505859375
83169164,728.647216796875
83169166,-1027.9068603515625
83169168,-1857.6683349609375
83169170,-1231.4727783203125
83169172,793.5949096679688
83169174,1710.239990234375
83169176,1268.12109375
83169178,1388.1639404296875
83169180,986.801513671875
83169182,-30.64206314086914
83169184,-1828.0106201171875
83169186,-1771.2666015625
83169188,-483.4899597167969
83169190,1492.22314453125
83169192,1325.8538818359375
83169194,1273.2177734375
83169196,1118.95654296875
83169198,691.30517578125
83169200,-1060.0899658203125
83169202,-2032.3824462890625
83169204,-1420.6087646484375
83169206,537.4136962890625
83169208,1570.6829833984375
83169210,1192.1993408203125
83169212,1300.300048828125
83169214,998.677001953125
83169216,40.60686111450195
83169218,-1786.6353759765625
83169220,-1865.6724853515625
83169222,-700.8047485351562
83169224,1282.983154296875
83169226,1332.8404541015625
83169228,1170.890625
83169230,1104.929443359375
83169232,670.2042236328125
83169234,-937.0315551757812
83169236,-2091.61474609375
83169238,-1568.739013671875
83169240,310.01776123046875
83169242,1577.212646484375
83169244,1093.955322265625
83169246,1280.43701171875
83169248,958.0078735351562
83169250,139.7646942138672
83169252,-1783.20849609375
83169254,-1951.750244140625
83169256,-892.5741577148438
83169258,1159.99951171875
83169260,1375.3704833984375
83169262,1117.091552734375
83169264,1053.564453125
83169266,714.3168334960938
83169268,-800.618896484375
83169270,-2094.987548828125
83169272,-1694.210693359375
83169274,126.73444366455078
83169276,1563.1522216796875
83169278,1122.89013671875
83169280,1192.5233154296875
83169282,985.9707641601562
83169284,188.8617706298828
83169286,-1657.421142578125
83169288,-2005.46630859375
83169290,-1063.4669189453125
83169292,1035.5621337890625
83169294,1383.412109375
83169296,1102.0550537109375
83169298,1103.068603515625
83169300,715.3386840820312
83169302,-672.2728271484375
83169304,-2333.041748046875
83169306,-1998.0601806640625
83169308,-276.991455078125
83169310,1307.0748291015625
83169312,975.25
83169314,1041.431396484375
83169316,849.9776611328125
83169318,190.39035034179688
83169320,-1649.184326171875
83169322,-2154.568603515625
83169324,-1252.1126708984375
83169326,844.2039794921875
83169328,1317.6959228515625
83169330,1061.24462890625
83169332,1085.7059326171875
83169334,772.352783203125
83169336,-542.78857421875
83169338,-2079.61865234375
83169340,-1833.9713134765625
83169342,-299.2969665527344
83169344,1432.712646484375
83169346,1115.7415771484375
83169348,1152.32763671875
83169350,950.9755859375
83169352,370.16790771484375
83169354,-1486.8897705078125
83169356,-2068.648681640625
83169358,-1360.952880859375
83169360,746.0181274414062
83169362,1435.2381591796875
83169364,1056.35986328125
83169366,1163.7960205078125
83169368,815.3895874023438
83169370,-347.3556213378906
83169372,-2047.3026123046875
83169374,-1888.18994140625
83169376,-454.30999755859375
83169378,1369.4306640625
83169380,1139.243408203125
83169382,1136.6182861328125
83169384,1010.224365234375
83169386,491.3861999511719
83169388,-1313.1683349609375
83169390,-2115.141357421875
83169392,-1417.846435546875
83169394,587.5574951171875
83169396,1432.941162109375
83169398,992.6167602539062
83169400,1109.747802734375
83169402,835.244384765625
83169404,-209.38949584960938
83169406,-2015.23583984375
83169408,-1914.067626953125
83169410,-646.2870483398438
83169412,1321.7208251953125
83169414,1223.3023681640625
83169416,1161.478271484375
83169418,1009.7799682617188
83169420,564.919677734375
83169422,-1185.4619140625
83169424,-2145.447021484375
83169426,-1534.138427734375
83169428,404.93048095703125
83169430,1427.6160888671875
83169432,1020.0188598632812
83169434,1142.60791015625
83169436,871.4317016601562
83169438,-73.91976928710938
83169440,-1948.8426513671875
83169442,-2004.1785888671875
83169444,-758.5831298828125
83169446,1234.907958984375
83169448,1229.51220703125
83169450,1132.850830078125
83169452,1014.5609130859375
83169454,636.4177856445312
83169456,-1026.0458984375
83169458,-2135.947265625
83169460,-1629.470703125
83169462,289.8970947265625
83169464,1462.183349609375
83169466,1069.17822265625
83169468,1130.6700439453125
83169470,885.367431640625
83169472,61.60396194458008
83169474,-1817.7176513671875
83169476,-2027.1488037109375
83169478,-964.01416015625
83169480,1107.126708984375
83169482,1301.9075927734375
83169484,1104.07373046875
83169486,1079.5335693359375
83169488,648.463623046875
83169490,-888.7444458007812
83169492,-2173.7587890625
83169494,-1700.823486328125
83169496,116.931640625
83169498,1494.694580078125
83169500,1070.868896484375
83169502,1171.3475341796875
83169504,951.4034423828125
83169506,182.52317810058594
83169508,-1703.87646484375
83169510,-2057.873779296875
83169512,-1035.15087890625
83169514,1054.6527099609375
83169516,1363.12939453125
83169518,1069.3070068359375
83169520,1117.5235595703125
83169522,753.1126708984375
83169524,-670.7940673828125
83169526,-2158.601806640625
83169528,-1830.581787109375
83169530,-91.72265625
83169532,1511.8038330078125
83169534,1102.28759765625
83169536,1144.1904296875
83169538,915.6688842773438
83169540,229.69293212890625
83169542,-1646.210205078125
83169544,-2135.70654296875
83169546,-1244.8104248046875
83169548,907.265869140625
83169550,1345.3555908203125
83169552,1046.681640625
83169554,1066.8563232421875
83169556,719.5838012695312
83169558,-560.2924194335938
83169560,-2161.546875
83169562,-1860.01513671875
83169564,-266.1045227050781
83169566,1447.259033203125
83169568,1086.5325927734375
83169570,1141.42822265625
83169572,940.6328125
83169574,328.4561462402344
83169576,-1481.942626953125
83169578,-2131.369873046875
83169580,-1336.4791259765625
83169582,718.4332275390625
83169584,1391.2584228515625
83169586,1064.289306640625
83169588,1095.242919921875
83169590,763.7628784179688
83169592,-405.470458984375
83169594,-2101.1474609375
83169596,-1863.076416015625
83169598,-455.9175109863281
83169600,1422.4654541015625
83169602,1195.0986328125
83169604,1161.8314208984375
83169606,978.4566650390625
83169608,421.9192199707031
83169610,-1357.019287109375
83169612,-2150.871826171875
83169614,-1447.1385498046875
83169616,566.5230102539062
83169618,1412.305419921875
83169620,1023.5162963867188
83169622,1098.02587890625
83169624,792.4443359375
83169626,-310.0717468261719
83169628,-2069.63720703125
83169630,-1976.4608154296875
83169632,-646.349365234375
83169634,1326.5101318359375
83169636,1188.5648193359375
83169638,1103.2305908203125
83169640,980.09326171875
83169642,537.7958374023438
83169644,-1202.2637939453125
83169646,-2156.03076171875
83169648,-1589.8399658203125
83169650,423.15289306640625
83169652,1385.4847412109375
83169654,1025.2650146484375
83169656,1121.8974609375
83169658,795.3934936523438
83169660,-186.07876586914062
83169662,-1938.5538330078125
83169664,-1759.6361083984375
83169666,-636.4801025390625
83169668,1398.635498046875
83169670,1305.2471923828125
83169672,1166.6912841796875
83169674,1125.286865234375
83169676,646.4407348632812
83169678,-1018.67724609375
83169680,-2124.83203125
83169682,-1585.0465087890625
83169684,303.6044006347656
83169686,1505.610595703125
83169688,1018.8516845703125
83169690,1175.2645263671875
83169692,903.257568359375
83169694,51.43978500366211
83169696,-1870.108642578125
83169698,-2042.4344482421875
83169700,-990.5025024414062
83169702,1083.5875244140625
83169704,1260.3038330078125
83169706,1098.3873291015625
83169708,980.0392456054688
83169710,614.0831909179688
83169712,-896.607421875
83169714,-2182.01220703125
83169716,-1722.8797607421875
83169718,46.010860443115234
83169720,1467.63720703125
83169722,1044.4344482421875
83169724,1117.033447265625
83169726,877.5169067382812
83169728,91.59388732910156
83169730,-1827.894287109375
83169732,-2179.53662109375
83169734,-1145.353515625
83169736,932.1965942382812
83169738,1245.840576171875
83169740,1014.3240966796875
83169742,978.4982299804688
83169744,627.6243896484375
83169746,-806.2015380859375
83169748,-2261.568603515625
83169750,-1913.519287109375
83169752,-182.28225708007812
83169754,1379.8564453125
83169756,890.6385498046875
83169758,1011.8609619140625
83169760,725.88916015625
83169762,62.68808364868164
83169764,-1883.998779296875
83169766,-2356.485595703125
83169768,-1491.309326171875
83169770,622.2411499023438
83169772,1049.04931640625
83169774,692.5554809570312
83169776,711.6792602539062
83169778,328.6846008300781
83169780,-1046.627685546875
83169782,-2668.447265625
83169784,-2458.6298828125
83169786,-928.5994262695312
83169788,766.633056640625
83169790,286.3747253417969
83169792,262.4658508300781
83169794,-74.92912292480469
83169796,-843.41064453125
83169798,-2912.0302734375
83169800,-3776.770263671875
83169802,-3195.883544921875
83169804,-1457.2197265625
83169806,-1235.1031494140625
83169808,-2117.54638671875
83169810,-2673.2197265625
83169812,-3790.423583984375
83169814,-5912.376953125
83169816,-8549.5927734375
83169818,-9066.5322265625
83169820,-7172.50634765625
83169822,-4616.74560546875
83169824,-4186.17431640625
83169826,-3833.107177734375
83169828,-3983.555419921875
83169830,-4035.5185546875
83169832,-5263.7802734375
83169834,-5299.6103515625
83169836,-3310.08203125
83169838,-414.6335754394531
83169840,1082.2833251953125
83169842,1272.94775390625
83169844,1844.455322265625
83169846,1987.3726806640625
83169848,1272.1917724609375
83169850,-216.20993041992188
83169852,144.95269775390625
83169854,1640.36181640625
83169856,3785.459716796875
83169858,3687.876220703125
83169860,3712.848388671875
83169862,3634.563232421875
83169864,3103.135009765625
83169866,1241.7574462890625
83169868,181.80043029785156
83169870,701.7850341796875
83169872,2524.03857421875
83169874,3440.941162109375
83169876,2945.978515625
83169878,2879.19921875
83169880,2475.2822265625
83169882,1305.8743896484375
83169884,-698.57421875
83169886,-822.0604248046875
83169888,285.3736877441406
83169890,2157.987060546875
83169892,2074.9541015625
83169894,1861.290283203125
83169896,1751.65673828125
83169898,1248.349365234375
83169900,-482.0610656738281
83169902,-1657.167724609375
83169904,-1213.4664306640625
83169906,705.25341796875
83169908,1855.6370849609375
83169910,1341.9910888671875
83169912,1356.466796875
83169914,989.2314453125
83169916,-39.643192291259766
83169918,-2105.15576171875
83169920,-2475.169921875
83169922,-1589.7901611328125
83169924,299.6292724609375
83169926,200.2056121826172
83169928,-144.1260986328125
83169930,-358.4419250488281
83169932,-843.6972045898438
83169934,-2349.627685546875
83169936,-3308.84423828125
83169938,-2355.733642578125
83169940,39.252742767333984
83169942,1972.926025390625
83169944,2055.5146484375
83169946,2600.43408203125
83169948,2710.25439453125
83169950,2196.591796875
83169952,457.396240234375
83169954,262.1667785644531
83169956,1382.19091796875
83169958,3510.674072265625
83169960,3790.66455078125
83169962,3516.439453125
83169964,3445.28173828125
83169966,3024.812255859375
83169968,1477.7847900390625
83169970,-45.03888702392578
83169972,242.80210876464844
83169974,1864.0609130859375
83169976,3319.38232421875
83169978,2829.18408203125
83169980,2791.210693359375
83169982,2475.29052734375
83169984,1694.6925048828125
83169986,-303.34271240234375
83169988,-775.9457397460938
83169990,29.516401290893555
83169992,2067.427490234375
83169994,2446.326416015625
83169996,2107.17041015625
83169998,2104.283447265625
83170000,1706.1859130859375
83170002,274.860595703125
83170004,-1302.306396484375
83170006,-1043.4500732421875
83170008,482.2978515625
83170010,2094.3935546875
83170012,1738.5849609375
83170014,1749.0482177734375
83170016,1505.323974609375
83170018,891.3654174804688
83170020,-977.3309936523438
83170022,-1754.5103759765625
83170024,-1148.46044921875
83170026,1090.673828125
83170028,1628.203857421875
83170030,1252.7689208984375
83170032,1374.39013671875
83170034,1020.6461181640625
83170036,-246.76060485839844
83170038,-1899.50048828125
83170040,-1696.366455078125
83170042,-259.2218017578125
83170044,1584.3861083984375
83170046,1290.0736083984375
83170048,1291.46923828125
83170050,1140.796875
83170052,565.5801391601562
83170054,-1232.203857421875
83170056,-2013.8651123046875
83170058,-1286.4183349609375
83170060,785.7942504882812
83170062,1549.7730712890625
83170064,1157.3079833984375
83170066,1255.4979248046875
83170068,921.783203125
83170070,-192.3218231201172
83170072,-1946.27978515625
83170074,-1813.1651611328125
83170076,-441.1593017578125
83170078,1382.3363037109375
83170080,1250.2435302734375
83170082,1187.3726806640625
83170084,1084.040283203125
83170086,593.0487060546875
83170088,-1160.510498046875
83170090,-2092.196044921875
83170092,-1451.6329345703125
83170094,532.6202392578125
83170096,1527.6419677734375
83170098,1112.6387939453125
83170100,1201.6739501953125
83170102,944.59130859375
83170104,-80.22512817382812
83170106,-1894.04248046875
83170108,-1893.971923828125
83170110,-654.4865112304688
83170112,1284.777587890625
83170114,1268.8397216796875
83170116,1169.087890625
83170118,1037.809326171875
83170120,597.09033203125
83170122,-1029.3232421875
83170124,-2088.607421875
83170126,-1577.0216064453125
83170128,356.8385925292969
83170130,1562.8323974609375
83170132,1050.3992919921875
83170134,1194.3883056640625
83170136,884.6156005859375
83170138,14.542206764221191
83170140,-1804.3385009765625
83170142,-1920.451904296875
83170144,-816.0126342773438
83170146,1266.3558349609375
83170148,1329.6295166015625
83170150,1148.5020751953125
83170152,1036.9619140625
83170154,641.9422607421875
83170156,-919.5318603515625
83170158,-2146.809326171875
83170160,-1639.3441162109375
83170162,141.6297149658203
83170164,1513.6314697265625
83170166,1097.037353515625
83170168,1173.910400390625
83170170,927.3699340820312
83170172,115.73120880126953
83170174,-1738.86328125
83170176,-2010.7664794921875
83170178,-966.124267578125
83170180,1066.320556640625
83170182,1329.114501953125
83170184,1128.7427978515625
83170186,1063.005859375
83170188,720.402099609375
83170190,-771.1024780273438
83170192,-2124.483154296875
83170194,-1737.7750244140625
83170196,-17.89426612854004
83170198,1489.3902587890625
83170200,1074.544921875
83170202,1182.8865966796875
83170204,880.3123779296875
83170206,228.8580322265625
83170208,-1662.222900390625
83170210,-2116.48291015625
83170212,-1189.358154296875
83170214,914.3272094726562
83170216,1373.3516845703125
83170218,1051.5955810546875
83170220,1099.110107421875
83170222,756.4813842773438
83170224,-596.799560546875
83170226,-2099.19091796875
83170228,-1802.7435302734375
83170230,-219.7489013671875
83170232,1410.1163330078125
83170234,1104.00732421875
83170236,1114.5577392578125
83170238,908.765380859375
83170240,281.236572265625
83170242,-1569.582275390625
83170244,-2126.77587890625
83170246,-1289.97802734375
83170248,804.1080322265625
83170250,1417.451904296875
83170252,1017.3397216796875
83170254,1153.88525390625
83170256,831.8258666992188
83170258,-450.36395263671875
83170260,-2087.622802734375
83170262,-1886.063232421875
83170264,-376.5065002441406
83170266,1396.3758544921875
83170268,1115.3968505859375
83170270,1125.8267822265625
83170272,984.5460205078125
83170274,406.5462646484375
83170276,-1376.525146484375
83170278,-2173.970703125
83170280,-1416.4632568359375
83170282,649.0160522460938
83170284,1387.071533203125
83170286,1022.7728271484375
83170288,1090.5699462890625
83170290,800.30322265625
83170292,-307.2596740722656
83170294,-2083.269775390625
83170296,-1944.784423828125
83170298,-531.8643188476562
83170300,1331.54443359375
83170302,1147.3970947265625
83170304,1093.390380859375
83170306,1000.5919189453125
83170308,494.6302490234375
83170310,-1269.886474609375
83170312,-2217.64697265625
83170314,-1544.8924560546875
83170316,482.10675048828125
83170318,1390.2906494140625
83170320,1001.102783203125
83170322,1095.176513671875
83170324,783.1566162109375
83170326,-245.19049072265625
83170328,-2017.624267578125
83170330,-2020.041748046875
83170332,-732.26513671875
83170334,1207.5140380859375
83170336,1170.0350341796875
83170338,1097.390380859375
83170340,980.3673706054688
83170342,504.27520751953125
83170344,-1157.0421142578125
83170346,-2183.711181640625
83170348,-1658.5550537109375
83170350,303.7456359863281
83170352,1437.0533447265625
83170354,1006.2908325195312
83170356,1117.5733642578125
83170358,809.1298828125
83170360,-74.86266326904297
83170362,-1959.380615234375
83170364,-2088.956298828125
83170366,-917.849609375
83170368,1126.155029296875
83170370,1215.77587890625
83170372,1047.192626953125
83170374,968.4835815429688
83170376,610.2410278320312
83170378,-1027.1175537109375
83170380,-2157.45947265625
83170382,-1559.347412109375
83170384,373.97686767578125
83170386,1587.7547607421875
83170388,1153.889404296875
83170390,1207.1942138671875
83170392,955.4616088867188
83170394,138.5518035888672
83170396,-1752.77001953125
83170398,-2025.21728515625
83170400,-966.9342041015625
83170402,1080.8668212890625
83170404,1320.1549072265625
83170406,1047.81982421875
83170408,1045.489501953125
83170410,632.97021484375
83170412,-838.5216674804688
83170414,-2146.39404296875
83170416,-1779.3953857421875
83170418,-54.72123336791992
83170420,1408.99072265625
83170422,1023.6367797851562
83170424,1086.8690185546875
83170426,856.8604125976562
83170428,143.9599609375
83170430,-1766.6517333984375
83170432,-2153.970458984375
83170434,-1228.4696044921875
83170436,884.6363525390625
83170438,1264.14599609375
83170440,985.8004760742188
83170442,1021.2899169921875
83170444,694.7236938476562
83170446,-680.3850708007812
83170448,-2219.10498046875
83170450,-1888.1815185546875
83170452,-264.4222717285156
83170454,1363.5531005859375
83170456,991.2833862304688
83170458,1021.8257446289062
83170460,851.2237548828125
83170462,215.97731018066406
83170464,-1661.5582275390625
83170466,-2236.563232421875
83170468,-1389.2646484375
83170470,744.3317260742188
83170472,1279.950927734375
83170474,941.0108032226562
83170476,1009.601318359375
83170478,677.63525390625
83170480,-595.6904907226562
83170482,-2230.361572265625
83170484,-1981.204345703125
83170486,-464.5323486328125
83170488,1310.505859375
83170490,964.6870727539062
83170492,1046.2081298828125
83170494,890.0528564453125
83170496,314.8153076171875
83170498,-1556.036865234375
83170500,-2255.093017578125
83170502,-1521.41552734375
83170504,556.4959106445312
83170506,1297.4381103515625
83170508,920.7031860351562
83170510,1022.8434448242188
83170512,655.2508544921875
83170514,-469.03497314453125
83170516,-2189.447509765625
83170518,-2078.189697265625
83170520,-652.5550537109375
83170522,1264.8770751953125
83170524,1052.11474609375
83170526,1036.4136962890625
83170528,877.8616333007812
83170530,362.2259826660156
83170532,-1388.645751953125
83170534,-2271.516845703125
83170536,-1626.2266845703125
83170538,447.16143798828125
83170540,1356.0098876953125
83170542,935.0543212890625
83170544,1028.3179931640625
83170546,745.2455444335938
83170548,-291.6042785644531
83170550,-2099.618896484375
83170552,-2094.46826171875
83170554,-790.7745361328125
83170556,1219.3438720703125
83170558,1145.91845703125
83170560,1020.4550170898438
83170562,890.800537109375
83170564,500.0841064453125
83170566,-1217.885986328125
83170568,-2291.620849609375
83170570,-1691.735107421875
83170572,266.7691345214844
83170574,1393.0694580078125
83170576,935.1166381835938
83170578,1004.5711669921875
83170580,724.8839721679688
83170582,-184.63743591308594
83170584,-2079.901123046875
83170586,-2205.900390625
83170588,-1023.0593872070312
83170590,1018.1580200195312
83170592,1097.2242431640625
83170594,945.8914184570312
83170596,876.5615234375
83170598,491.36956787109375
83170600,-1136.88818359375
83170602,-2343.2890625
83170604,-1822.5069580078125
83170606,49.014007568359375
83170608,1324.7572021484375
83170610,874.5054321289062
83170612,977.3102416992188
83170614,760.7555541992188
83170616,-80.55327606201172
83170618,-2005.561767578125
83170620,-2281.66015625
83170622,-1198.6251220703125
83170624,887.0413818359375
83170626,1103.4423828125
83170628,874.8418579101562
83170630,865.2011108398438
83170632,487.54400634765625
83170634,-1010.6314697265625
83170636,-2389.677978515625
83170638,-1985.6239013671875
83170640,-169.48046875
83170642,1295.2532958984375
83170644,850.3057861328125
83170646,937.90380859375
83170648,715.4716186523438
83170650,-20.6606502532959
83170652,-1908.4725341796875
83170654,-2274.611328125
83170656,-1353.035888671875
83170658,758.3173217773438
83170660,1116.5390625
83170662,800.045654296875
83170664,844.8851928710938
83170666,507.9595642089844
83170668,-877.5667114257812
83170670,-2431.402099609375
83170672,-2106.20263671875
83170674,-493.00616455078125
83170676,1177.1419677734375
83170678,818.820556640625
83170680,854.2975463867188
83170682,623.9607543945312
83170684,-41.45006561279297
83170686,-1943.517578125
83170688,-2546.40234375
83170690,-1658.04833984375
83170692,460.8604431152344
83170694,932.72412109375
83170696,624.0646362304688
83170698,648.4927368164062
83170700,370.63726806640625
83170702,-920.1673583984375
83170704,-2590.261474609375
83170706,-2315.8330078125
83170708,-783.8419799804688
83170710,947.029541015625
83170712,622.7686767578125
83170714,641.9215087890625
83170716,467.7016296386719
83170718,-92.69462585449219
83170720,-1970.3590087890625
83170722,-2696.3603515625
83170724,-1945.611083984375
83170726,104.37075805664062
83170728,796.94287109375
83170730,406.13922119140625
83170732,465.001708984375
83170734,165.29351806640625
83170736,-1021.2317504882812
83170738,-2827.568359375
83170740,-2631.6494140625
83170742,-1441.24853515625
83170744,478.8045654296875
83170746,295.0352478027344
83170748,230.4281463623047
83170750,123.86837005615234
83170752,-353.9600524902344
83170754,-2161.937255859375
83170756,-3086.947998046875
83170758,-2470.368408203125
83170760,-461.87396240234375
83170762,471.7224426269531
83170764,-1.6241081953048706
83170766,70.04849243164062
83170768,-280.09844970703125
83170770,-1333.2723388671875
83170772,-3164.302734375
83170774,-3158.545654296875
83170776,-1927.0313720703125
83170778,69.47943115234375
83170780,1.877485752105713
83170782,-77.83673858642578
83170784,-120.51215362548828
83170786,-569.15234375
83170788,-2234.291015625
83170790,-3208.020751953125
83170792,-2588.292724609375
83170794,-586.0289306640625
83170796,538.3316650390625
83170798,193.0653533935547
83170800,366.886474609375
83170802,147.59861755371094
83170804,-744.8467407226562
83170806,-2612.6044921875
83170808,-2707.62939453125
83170810,-1458.5904541015625
83170812,607.0800170898438
83170814,649.2445068359375
83170816,528.7157592773438
83170818,492.94384765625
83170820,108.25865173339844
83170822,-1507.5794677734375
83170824,-2655.96533203125
83170826,-2121.297119140625
83170828,-208.01046752929688
83170830,1078.270751953125
83170832,633.9546508789062
83170834,721.7811279296875
83170836,490.89190673828125
83170838,-339.49676513671875
83170840,-2303.76220703125
83170842,-2497.741455078125
83170844,-1395.4952392578125
83170846,693.1494750976562
83170848,876.868896484375
83170850,629.33984375
83170852,580.130615234375
83170854,162.37344360351562
83170856,-1363.2125244140625
83170858,-2721.65234375
83170860,-2291.874267578125
83170862,-494.21905517578125
83170864,928.8320922851562
83170866,522.6596069335938
83170868,613.84228515625
83170870,382.408935546875
83170872,-376.83465576171875
83170874,-2308.044677734375
83170876,-2667.927978515625
83170878,-1697.7081298828125
83170880,402.6874694824219
83170882,776.63525390625
83170884,483.7101135253906
83170886,471.7889099121094
83170888,120.54537963867188
83170890,-1226.0438232421875
83170892,-2717.091552734375
83170894,-2375.5634765625
83170896,-671.7577514648438
83170898,942.4853515625
83170900,508.3001708984375
83170902,628.4468383789062
83170904,437.7158508300781
83170906,-199.71131896972656
83170908,-2076.640380859375
83170910,-2563.35791015625
83170912,-1687.423583984375
83170914,444.42828369140625
83170916,974.2697143554688
83170918,652.2975463867188
83170920,714.7197875976562
83170922,364.5811462402344
83170924,-917.1185302734375
83170926,-2531.62744140625
83170928,-2222.5859375
83170930,-661.6807861328125
83170932,1089.0413818359375
83170934,807.0405883789062
83170936,833.2131958007812
83170938,666.7857055664062
83170940,130.597412109375
83170942,-1742.2236328125
83170944,-2439.368896484375
83170946,-1604.1785888671875
83170948,455.2404479980469
83170950,1182.78271484375
83170952,812.5650024414062
83170954,887.473388671875
83170956,576.9904174804688
83170958,-552.4003295898438
83170960,-2308.84228515625
83170962,-2097.039306640625
83170964,-705.4445190429688
83170966,1113.6646728515625
83170968,829.3128662109375
83170970,782.3549194335938
83170972,625.7510375976562
83170974,53.495880126953125
83170976,-1771.2457275390625
83170978,-2635.612060546875
83170980,-1971.0194091796875
83170982,101.30946350097656
83170984,956.0597534179688
83170986,514.1071166992188
83170988,600.6832885742188
83170990,278.50341796875
83170992,-807.5680541992188
83170994,-2585.576171875
83170996,-2538.119873046875
83170998,-1229.171630859375
83171000,734.5911865234375
83171002,615.7363891601562
83171004,510.9751892089844
83171006,382.5377197265625
83171008,-72.42858123779297
83171010,-1821.13623046875
83171012,-2822.521484375
83171014,-2220.986572265625
83171016,-251.37954711914062
83171018,804.7933959960938
83171020,331.65869140625
83171022,444.64013671875
83171024,149.62149047851562
83171026,-795.5347290039062
83171028,-2663.81982421875
83171030,-2706.9814453125
83171032,-1534.0303955078125
83171034,560.4710083007812
83171036,518.165283203125
83171038,397.9314270019531
83171040,265.3568420410156
83171042,-126.97950744628906
83171044,-1764.1719970703125
83171046,-2968.400390625
83171048,-2448.511474609375
83171050,-547.1956787109375
83171052,719.1310424804688
83171054,280.9914855957031
83171056,399.3437194824219
83171058,121.03968048095703
83171060,-699.4298706054688
83171062,-2599.831787109375
83171064,-2778.965576171875
83171066,-1669.1678466796875
83171068,355.8126220703125
83171070,526.1695556640625
83171072,325.7520751953125
83171074,288.6634216308594
83171076,-58.32666778564453
83171078,-1549.26220703125
83171080,-2930.5517578125
83171082,-2469.296630859375
83171084,-716.5515747070312
83171086,727.6295776367188
83171088,322.8278503417969
83171090,375.77545166015625
83171092,155.39932250976562
83171094,-589.3934326171875
83171096,-2483.311279296875
83171098,-2861.25927734375
83171100,-1795.931396484375
83171102,533.8123779296875
83171104,742.5082397460938
83171106,511.5068664550781
83171108,509.41339111328125
83171110,139.34100341796875
83171112,-1299.4984130859375
83171114,-2790.458740234375
83171116,-2433.5703125
83171118,-778.745361328125
83171120,846.775146484375
83171122,451.87591552734375
83171124,525.6793823242188
83171126,266.88958740234375
83171128,-340.6764221191406
83171130,-2304.05712890625
83171132,-2786.55029296875
83171134,-1955.7669677734375
83171136,135.6691131591797
83171138,683.1182250976562
83171140,322.8195495605469
83171142,309.0416259765625
83171144,-21.12586784362793
83171146,-1312.5411376953125
83171148,-2908.67822265625
83171150,-2599.711181640625
83171152,-1028.0439453125
83171154,712.7550659179688
83171156,390.6374816894531
83171158,482.015380859375
83171160,285.7599792480469
83171162,-299.9324951171875
83171164,-2199.416259765625
83171166,-2835.555908203125
83171168,-2039.0408935546875
83171170,89.99470520019531
83171172,794.6624755859375
83171174,450.7087097167969
83171176,559.8562622070312
83171178,282.4619140625
83171180,-884.4453125
83171182,-2578.91357421875
83171184,-2419.435302734375
83171186,-962.9964599609375
83171188,906.8837280273438
83171190,719.509033203125
83171192,702.4371948242188
83171194,506.8837585449219
83171196,32.40324401855469
83171198,-1785.60107421875
83171200,-2603.773681640625
83171202,-1908.5306396484375
83171204,155.27056884765625
83171206,1008.035400390625
83171208,659.40869140625
83171210,739.90380859375
83171212,474.3891296386719
83171214,-625.9337768554688
83171216,-2378.03515625
83171218,-2259.27587890625
83171220,-978.7058715820312
83171222,999.3457641601562
83171224,833.9525756835938
83171226,802.135009765625
83171228,656.8873901367188
83171230,213.70938110351562
83171232,-1548.2196044921875
83171234,-2483.801513671875
83171236,-1912.9461669921875
83171238,86.53880310058594
83171240,1172.1783447265625
83171242,683.5418701171875
83171244,853.7451171875
83171246,568.7410888671875
83171248,-438.79583740234375
83171250,-2273.99658203125
83171252,-2290.28759765625
83171254,-1102.158935546875
83171256,933.33056640625
83171258,1004.151611328125
83171260,836.0585327148438
83171262,771.2146606445312
83171264,339.5382995605469
83171266,-1330.4395751953125
83171268,-2426.803955078125
83171270,-1900.72998046875
83171272,-26.131113052368164
83171274,1232.6275634765625
83171276,834.29736328125
83171278,939.9141845703125
83171280,651.9901733398438
83171282,-255.0680694580078
83171284,-2141.9951171875
83171286,-2319.434326171875
83171288,-1175.671630859375
83171290,934.850830078125
83171292,1086.5035400390625
83171294,884.179443359375
83171296,849.6245727539062
83171298,460.1086120605469
83171300,-1084.4888916015625
83171302,-2356.119873046875
83171304,-1894.1422119140625
83171306,-21.790464401245117
83171308,1343.644287109375
83171310,947.6775512695312
83171312,1043.013916015625
83171314,775.1565551757812
83171316,19.169462203979492
83171318,-1898.1048583984375
83171320,-2205.231689453125
83171322,-1216.4404296875
83171324,878.1192016601562
83171326,1155.68798828125
83171328,941.6837158203125
83171330,936.989990234375
83171332,610.4154663085938
83171334,-837.5953979492188
83171336,-2271.19287109375
83171338,-1888.335205078125
83171340,-196.9158477783203
83171342,1355.3619384765625
83171344,1002.4070434570312
83171346,1076.07763671875
83171348,831.1239013671875
83171350,155.7523956298828
83171352,-1715.0540771484375
83171354,-2196.30517578125
83171356,-1351.635986328125
83171358,773.877197265625
83171360,1250.384765625
83171362,965.7711791992188
83171364,1000.5752563476562
83171366,663.4544677734375
83171368,-675.7369995117188
83171370,-2208.683349609375
83171372,-1962.63720703125
83171374,-388.2740173339844
83171376,1340.5830078125
83171378,1008.2181396484375
83171380,1019.4913330078125
83171382,841.64111328125
83171384,219.96905517578125
83171386,-1642.9786376953125
83171388,-2277.8388671875
83171390,-1472.2977294921875
83171392,614.9887084960938
83171394,1281.5460205078125
83171396,875.1658935546875
83171398,953.430419921875
83171400,573.9124755859375
83171402,-603.6781005859375
83171404,-2261.011962890625
83171406,-2101.71240234375
83171408,-653.0701293945312
83171410,1202.5255126953125
83171412,939.8020629882812
83171414,957.1231079101562
83171416,752.3941040039062
83171418,260.1647033691406
83171420,-1566.8282470703125
83171422,-2360.76806640625
83171424,-1656.503173828125
83171426,415.5432434082031
83171428,1233.49560546875
83171430,845.5040893554688
83171432,878.1981201171875
83171434,596.7496948242188
83171436,-519.099853515625
83171438,-2265.182373046875
83171440,-2236.359619140625
83171442,-877.0475463867188
83171444,1054.577880859375
83171446,935.793701171875
83171448,889.1348876953125
83171450,762.8074951171875
83171452,293.8680419921875
83171454,-1445.3026123046875
83171456,-2400.265869140625
83171458,-1796.6500244140625
83171460,42.26835250854492
83171462,966.3734741210938
83171464,640.8124389648438
83171466,727.131103515625
83171468,431.896484375
83171470,-533.4925537109375
83171472,-2346.1552734375
83171474,-2405.977294921875
83171476,-1214.62109375
83171478,848.7232666015625
83171480,868.1419067382812
83171482,739.7086181640625
83171484,598.7891845703125
83171486,224.8455352783203
83171488,-1424.8787841796875
83171490,-2573.401611328125
83171492,-1992.6021728515625
83171494,-35.78022384643555
83171496,1137.2786865234375
83171498,697.361328125
83171500,794.529541015625
83171502,538.6265869140625
83171504,-357.3162841796875
83171506,-2192.68310546875
83171508,-2411.231689453125
83171510,-1276.245849609375
83171512,836.5693969726562
83171514,960.1677856445312
83171516,759.3515625
83171518,719.1600952148438
83171520,320.7551574707031
83171522,-1231.60986328125
83171524,-2526.0283203125
83171526,-2038.55078125
83171528,-216.18499755859375
83171530,1215.6429443359375
83171532,775.679931640625
83171534,914.829833984375
83171536,677.3611450195312
83171538,-129.7832794189453
83171540,-2061.126220703125
83171542,-2408.12060546875
83171544,-1323.59423828125
83171546,801.8775024414062
83171548,1055.9361572265625
83171550,826.097900390625
83171552,855.4232177734375
83171554,494.4433288574219
83171556,-975.0132446289062
83171558,-2374.288330078125
83171560,-1986.40478515625
83171562,-240.78753662109375
83171564,1307.166259765625
83171566,909.4092407226562
83171568,1007.6823120117188
83171570,783.1150512695312
83171572,117.2057876586914
83171574,-1832.1893310546875
83171576,-2265.306884765625
83171578,-1340.7449951171875
83171580,774.6663818359375
83171582,1228.6773681640625
83171584,918.5723266601562
83171586,937.2142944335938
83171588,575.827392578125
83171590,-803.1942138671875
83171592,-2333.51953125
83171594,-1998.6790771484375
83171596,-360.3401794433594
83171598,1283.7225341796875
83171600,942.6972045898438
83171602,1016.5546875
83171604,792.4734497070312
83171606,232.57562255859375
83171608,-1673.246826171875
83171610,-2224.475830078125
83171612,-1411.2171630859375
83171614,678.237548828125
83171616,1319.149658203125
83171618,1015.62841796875
83171620,1106.503662109375
83171622,721.2660522460938
83171624,-450.51763916015625
83171626,-2100.308349609375
83171628,-1900.0654296875
83171630,-470.5261535644531
83171632,1376.0516357421875
83171634,1124.9212646484375
83171636,1115.035400390625
83171638,929.3222045898438
83171640,391.8586730957031
83171642,-1386.4775390625
83171644,-2158.83447265625
83171646,-1430.3409423828125
83171648,597.7839965820312
83171650,1416.03125
83171652,1059.2965087890625
83171654,1161.5447998046875
83171656,871.4773559570312
83171658,-278.0049743652344
83171660,-2029.8902587890625
83171662,-1930.802978515625
83171664,-552.3297119140625
83171666,1334.306640625
83171668,1198.43408203125
83171670,1153.78564453125
83171672,949.4968872070312
83171674,476.229248046875
83171676,-1326.098876953125
83171678,-2231.636962890625
83171680,-1653.9735107421875
83171682,346.840576171875
83171684,1362.1158447265625
83171686,920.90673828125
83171688,1010.81005859375
83171690,718.7862548828125
83171692,-278.0465087890625
83171694,-2142.900634765625
83171696,-2142.676513671875
83171698,-929.0231323242188
83171700,1074.25
83171702,1021.3065185546875
83171704,880.7360229492188
83171706,801.2835083007812
83171708,330.4997863769531
83171710,-1312.8692626953125
83171712,-2407.115234375
83171714,-1870.4659423828125
83171716,56.420108795166016
83171718,1264.3828125
83171720,816.9555053710938
83171722,920.0801391601562
83171724,614.8018188476562
83171726,-262.9809265136719
83171728,-2158.11572265625
83171730,-2329.49462890625
83171732,-1191.135986328125
83171734,867.2363891601562
83171736,988.3134765625
83171738,755.5883178710938
83171740,724.9296264648438
83171742,333.85186767578125
83171744,-1298.381103515625
83171746,-2556.09716796875
83171748,-2105.259521484375
83171750,-268.9996643066406
83171752,1055.6787109375
83171754,638.4822387695312
83171756,751.2185668945312
83171758,447.17803955078125
83171760,-360.9881591796875
83171762,-2266.75244140625
83171764,-2583.0673828125
83171766,-1570.9488525390625
83171768,493.3966064453125
83171770,770.550048828125
83171772,524.83203125
83171774,506.8879089355469
83171776,84.42455291748047
83171778,-1396.3094482421875
83171780,-2828.36572265625
83171782,-2436.303466796875
83171784,-737.5902099609375
83171786,824.5526733398438
83171788,458.5966491699219
83171790,510.1070556640625
83171792,276.6591491699219
83171794,-428.8268737792969
83171796,-2314.35009765625
83171798,-2789.711181640625
83171800,-1845.8509521484375
83171802,316.2317199707031
83171804,780.7723999023438
83171806,522.983642578125
83171808,512.5494384765625
83171810,202.74769592285156
83171812,-1193.96875
83171814,-2716.584716796875
83171816,-2458.733642578125
83171818,-737.13330078125
83171820,1170.786865234375
83171822,876.254150390625
83171824,821.0926513671875
83171826,621.0697631835938
83171828,-9.935720443725586
83171830,-1901.627197265625
83171832,-2487.539794921875
83171834,-1671.4940185546875
83171836,438.4385986328125
83171838,1057.1075439453125
83171840,678.3164672851562
83171842,755.7088012695312
83171844,389.8233642578125
83171846,-842.52587890625
83171848,-2474.206298828125
83171850,-2245.369140625
83171852,-742.7864990234375
83171854,1108.011474609375
83171856,837.8404541015625
83171858,784.4567260742188
83171860,674.565673828125
83171862,104.39568328857422
83171864,-1720.337646484375
83171866,-2471.934326171875
83171868,-1735.6524658203125
83171870,362.3132019042969
83171872,1186.7413330078125
83171874,798.8701782226562
83171876,899.4194946289062
83171878,579.3206787109375
83171880,-530.5682983398438
83171882,-2346.56640625
83171884,-2189.6591796875
83171886,-797.7196044921875
83171888,1138.5787353515625
83171890,974.7639770507812
83171892,949.40966796875
83171894,789.5201416015625
83171896,294.98126220703125
83171898,-1469.6392822265625
83171900,-2429.6826171875
83171902,-1735.0543212890625
83171904,267.1055603027344
83171906,1287.6104736328125
83171908,877.3009033203125
83171910,976.0724487304688
83171912,682.2210083007812
83171914,-345.6110534667969
83171916,-2197.66357421875
83171918,-2154.011962890625
83171920,-915.6813354492188
83171922,1132.1156005859375
83171924,1100.6011962890625
83171926,958.3027954101562
83171928,876.3040161132812
83171930,451.8052978515625
83171932,-1259.3277587890625
83171934,-2381.196044921875
83171936,-1751.6734619140625
83171938,182.49826049804688
83171940,1350.8218994140625
83171942,907.81005859375
83171944,1025.0615234375
83171946,747.19775390625
83171948,-147.83538818359375
83171950,-2035.830078125
83171952,-2171.540771484375
83171954,-992.58349609375
83171956,1073.8511962890625
83171958,1188.6851806640625
83171960,1019.33349609375
83171962,1013.4601440429688
83171964,543.5902709960938
83171966,-1032.8082275390625
83171968,-2235.50390625
83171970,-1808.421630859375
83171972,54.16463088989258
83171974,1424.5797119140625
83171976,1005.601318359375
83171978,1118.1217041015625
83171980,857.3546752929688
83171982,25.95250129699707
83171984,-1933.3575439453125
83171986,-2172.134765625
83171988,-1116.1279296875
83171990,1013.0987548828125
83171992,1287.6602783203125
83171994,1034.556884765625
83171996,993.4308471679688
83171998,611.4995727539062
83172000,-930.294189453125
83172002,-2304.4931640625
83172004,-1910.2545166015625
83172006,-104.42475891113281
83172008,1412.94091796875
83172010,996.4630737304688
83172012,1066.939453125
83172014,851.4397583007812
83172016,124.49142456054688
83172018,-1790.5440673828125
83172020,-2217.1943359375
83172022,-1253.3255615234375
83172024,855.7388916015625
83172026,1312.084228515625
83172028,963.6320190429688
83172030,1016.1642456054688
83172032,658.9019775390625
83172034,-721.2244873046875
83172036,-2237.742919921875
83172038,-1937.8477783203125
83172040,-301.610595703125
83172042,1315.43212890625
83172044,1032.8455810546875
83172046,1081.83056640625
83172048,822.8330688476562
83172050,223.79879760742188
83172052,-1720.56201171875
83172054,-2263.911376953125
83172056,-1441.3980712890625
83172058,677.319580078125
83172060,1297.4132080078125
83172062,962.7638549804688
83172064,1021.5640869140625
83172066,667.7410888671875
83172068,-592.5128784179688
83172070,-2259.354736328125
83172072,-2020.5775146484375
83172074,-520.3916625976562
83172076,1301.782958984375
83172078,1036.5673828125
83172080,1042.095947265625
83172082,866.53857421875
83172084,288.76727294921875
83172086,-1555.135498046875
83172088,-2268.48046875
83172090,-1549.5196533203125
83172092,540.0762329101562
83172094,1336.2008056640625
83172096,935.5403442382812
83172098,1000.9449462890625
83172100,706.9190673828125
83172102,-479.9177551269531
83172104,-2183.877197265625
83172106,-2098.7216796875
83172108,-724.8714599609375
83172110,1215.9212646484375
83172112,1028.475830078125
83172114,1021.0739135742188
83172116,892.35400390625
83172118,386.12652587890625
83172120,-1395.553466796875
83172122,-2321.531982421875
83172124,-1648.906005859375
83172126,342.2507019042969
83172128,1315.697998046875
83172130,895.7891235351562
83172132,993.4059448242188
83172134,687.7163696289062
83172136,-368.4565734863281
83172138,-2137.168701171875
83172140,-2156.3173828125
83172142,-881.7412109375
83172144,1122.3626708984375
83172146,1068.9456787109375
83172148,996.50048828125
83172150,900.0300903320312
83172152,452.1002197265625
83172154,-1255.668212890625
83172156,-2308.559814453125
83172158,-1760.927978515625
83172160,189.13592529296875
83172162,1399.935546875
83172164,933.8663940429688
83172166,1120.3272705078125
83172168,819.3895874023438
83172170,-103.17448425292969
83172172,-1997.0341796875
83172174,-2053.101318359375
83172176,-902.4974365234375
83172178,1122.001220703125
83172180,1010.6439208984375
83172182,968.0183715820312
83172184,926.7926025390625
83172186,574.1367797851562
83172188,-1006.4652709960938
83172190,-2172.88232421875
83172192,-1656.77734375
83172194,221.5723876953125
83172196,1531.1893310546875
83172198,1189.441162109375
83172200,1259.6434326171875
83172202,1012.0728149414062
83172204,211.76544189453125
83172206,-1703.4320068359375
83172208,-1945.5819091796875
83172210,-927.3408813476562
83172212,1140.801025390625
83172214,1371.3330078125
83172216,1117.9180908203125
83172218,1112.16943359375
83172220,657.1781616210938
83172222,-831.4686279296875
83172224,-2188.74951171875
83172226,-1838.6524658203125
83172228,-58.89157485961914
83172230,1410.85986328125
83172232,1055.504150390625
83172234,1093.0123291015625
83172236,904.158935546875
83172238,134.47698974609375
83172240,-1737.4676513671875
83172242,-2197.43505859375
83172244,-1226.6502685546875
83172246,904.4288940429688
83172248,1303.880615234375
83172250,1066.4866943359375
83172252,1035.7158203125
83172254,711.7498779296875
83172256,-639.1177368164062
83172258,-2130.6513671875
83172260,-1865.9134521484375
83172262,-184.89495849609375
83172264,1473.5811767578125
83172266,1143.8291015625
83172268,1135.5174560546875
83172270,915.8765869140625
83172272,244.38882446289062
83172274,-1634.8248291015625
83172276,-2215.23388671875
83172278,-1385.555419921875
83172280,789.1795043945312
83172282,1330.2401123046875
83172284,1006.51513671875
83172286,1017.5681762695312
83172288,665.5105590820312
83172290,-548.9153442382812
83172292,-2167.04638671875
83172294,-1942.022216796875
83172296,-478.5054931640625
83172298,1327.6981201171875
83172300,1016.7166748046875
83172302,1077.016357421875
83172304,853.6786499023438
83172306,312.7384338378906
83172308,-1527.8870849609375
83172310,-2238.26611328125
83172312,-1475.425537109375
83172314,568.7535400390625
83172316,1315.6439208984375
83172318,919.3324584960938
83172320,1010.797607421875
83172322,673.39013671875
83172324,-493.3758239746094
83172326,-2194.045654296875
83172328,-2069.591552734375
83172330,-693.398681640625
83172332,1245.267333984375
83172334,1080.40576171875
83172336,1041.8675537109375
83172338,899.7476196289062
83172340,341.30364990234375
83172342,-1425.373046875
83172344,-2297.560791015625
83172346,-1622.517333984375
83172348,429.9193115234375
83172350,1367.8770751953125
83172352,941.554931640625
83172354,1025.8507080078125
83172356,720.8464965820312
83172358,-314.0718078613281
83172360,-2088.15869140625
83172362,-2112.059326171875
83172364,-846.4428100585938
83172366,1127.9327392578125
83172368,1138.67431640625
83172370,968.263427734375
83172372,915.5982666015625
83172374,420.6274108886719
83172376,-1260.116943359375
83172378,-2311.9658203125
83172380,-1680.9727783203125
83172382,267.1387939453125
83172384,1398.73095703125
83172386,918.7011108398438
83172388,1003.3748779296875
83172390,755.7710571289062
83172392,-193.91270446777344
83172394,-2068.345458984375
83172396,-2201.966796875
83172398,-1064.617431640625
83172400,1005.5348510742188
83172402,1127.3013916015625
83172404,978.32373046875
83172406,855.2072143554688
83172408,496.3291320800781
83172410,-1115.7830810546875
83172412,-2354.005615234375
83172414,-1853.4481201171875
83172416,81.63324737548828
83172418,1356.3380126953125
83172420,956.8614501953125
83172422,1084.252197265625
83172424,828.6690063476562
83172426,-54.99122619628906
83172428,-1947.1063232421875
83172430,-2161.164794921875
83172432,-1129.0252685546875
83172434,978.6934204101562
83172436,1216.6273193359375
83172438,968.86572265625
83172440,930.007568359375
83172442,475.8346252441406
83172444,-998.078857421875
83172446,-2322.57861328125
83172448,-1891.8201904296875
83172450,-147.57785034179688
83172452,1373.5885009765625
83172454,978.8305053710938
83172456,1053.96728515625
83172458,811.9710083007812
83172460,66.53443908691406
83172462,-1848.0233154296875
83172464,-2209.35205078125
83172466,-1331.818603515625
83172468,840.440673828125
83172470,1237.736572265625
83172472,970.07861328125
83172474,942.2195434570312
83172476,578.6394653320312
83172478,-802.4922485351562
83172480,-2332.497802734375
83172482,-1933.88916015625
83172484,-313.9056396484375
83172486,1331.286865234375
83172488,964.657958984375
83172490,1056.11474609375
83172492,851.0991821289062
83172494,161.8916015625
83172496,-1757.7835693359375
83172498,-2225.892333984375
83172500,-1371.0048828125
83172502,708.6636352539062
83172504,1259.3402099609375
83172506,929.392822265625
83172508,1004.2388916015625
83172510,626.0169067382812
83172512,-646.1541748046875
83172514,-2286.424560546875
83172516,-2056.81884765625
83172518,-490.74652099609375
83172520,1294.2564697265625
83172522,981.5346069335938
83172524,1043.5123291015625
83172526,839.20703125
83172528,280.39752197265625
83172530,-1574.0889892578125
83172532,-2291.745361328125
83172534,-1508.6885986328125
83172536,582.7266845703125
83172538,1396.6292724609375
83172540,1246.7169189453125
83172542,1186.91162109375
83172544,914.2566528320312
83172546,-329.92242431640625
83172548,-2052.2373046875
83172550,-1964.5728759765625
83172552,-511.0541076660156
83172554,1325.7666015625
83172556,1184.4400634765625
83172558,1108.8048095703125
83172560,925.0023193359375
83172562,420.9971008300781
83172564,-1418.2784423828125
83172566,-2273.344482421875
83172568,-1582.948974609375
83172570,462.7005310058594
83172572,1418.6231689453125
83172574,950.4937744140625
83172576,1044.23095703125
83172578,782.8865966796875
83172580,-312.82568359375
83172582,-2112.561767578125
83172584,-2046.5341796875
83172586,-772.984130859375
83172588,1209.9814453125
83172590,1133.16650390625
83172592,1022.0874633789062
83172594,932.7988891601562
83172596,450.3681335449219
83172598,-1240.424072265625
83172600,-2265.32763671875
83172602,-1673.172119140625
83172604,323.52569580078125
83172606,1430.187255859375
83172608,957.5758666992188
83172610,1130.8944091796875
83172612,860.9601440429688
83172614,-166.12841796875
83172616,-2013.707275390625
83172618,-2086.6591796875
83172620,-926.7510375976562
83172622,1141.964111328125
83172624,1201.4163818359375
83172626,1047.882080078125
83172628,937.33056640625
83172630,541.4095458984375
83172632,-1111.6708984375
83172634,-2303.159912109375
83172636,-1784.01025390625
83172638,89.5668716430664
83172640,1376.3756103515625
83172642,1016.4591674804688
83172644,1115.6917724609375
83172646,801.3582763671875
83172648,-17.516277313232422
83172650,-1920.8673095703125
83172652,-2169.81689453125
83172654,-1108.05712890625
83172656,1058.6817626953125
83172658,1219.2442626953125
83172660,1050.7232666015625
83172662,977.0277709960938
83172664,563.2581787109375
83172666,-976.6954956054688
83172668,-2298.931396484375
83172670,-1871.550048828125
83172672,-51.43978500366211
83172674,1389.7298583984375
83172676,1045.78857421875
83172678,1062.428466796875
83172680,834.1228637695312
83172682,105.79548645019531
83172684,-1793.3436279296875
83172686,-2176.458740234375
83172688,-1225.7447509765625
83172690,913.0935668945312
83172692,1229.508056640625
83172694,1008.8952026367188
83172696,1008.1350708007812
83172698,635.8986206054688
83172700,-768.2364501953125
83172702,-2260.787841796875
83172704,-1920.3065185546875
83172706,-251.9403076171875
83172708,1360.5914306640625
83172710,1047.5
83172712,1102.4371337890625
83172714,889.4588623046875
83172716,251.86968994140625
83172718,-1685.8616943359375
83172720,-2211.067626953125
83172722,-1369.185546875
83172724,775.68408203125
83172726,1363.133544921875
83172728,1022.1829833984375
83172730,1038.18310546875
83172732,690.2875366210938
83172734,-633.0698852539062
83172736,-2210.357177734375
83172738,-1969.3662109375
83172740,-415.71356201171875
83172742,1364.1553955078125
83172744,1053.8509521484375
83172746,1076.351806640625
83172748,848.1084594726562
83172750,241.6099853515625
83172752,-1586.105712890625
83172754,-2235.9609375
83172756,-1478.3082275390625
83172758,625.4146118164062
83172760,1328.549560546875
83172762,1002.6646118164062
83172764,1057.62255859375
83172766,717.0043334960938
83172768,-434.0024108886719
83172770,-2149.06494140625
83172772,-2021.952392578125
83172774,-573.418212890625
83172776,1310.854736328125
83172778,1099.7122802734375
83172780,1101.1204833984375
83172782,879.91357421875
83172784,321.1539001464844
83172786,-1477.3486328125
83172788,-2246.46142578125
83172790,-1579.4805908203125
83172792,484.67376708984375
83172794,1391.1505126953125
83172796,953.37646484375
83172798,1056.920654296875
83172800,754.2716064453125
83172802,-340.5185852050781
83172804,-2088.63232421875
83172806,-2051.01611328125
83172808,-748.7886352539062
83172810,1188.6436767578125
83172812,1120.74267578125
83172814,1043.1759033203125
83172816,893.1265869140625
83172818,469.861572265625
83172820,-1301.521240234375
83172822,-2260.47607421875
83172824,-1705.5877685546875
83172826,306.4995422363281
83172828,1371.61962890625
83172830,937.2890625
83172832,1039.728271484375
83172834,767.1481323242188
83172836,-213.5224609375
83172838,-2076.1337890625
83172840,-2138.360595703125
83172842,-932.0304565429688
83172844,1124.2027587890625
83172846,1218.7083740234375
83172848,1026.03759765625
83172850,967.8065185546875
83172852,490.0653076171875
83172854,-1174.433837890625
83172856,-2305.535888671875
83172858,-1792.824462890625
83172860,82.38922119140625
83172862,1360.03076171875
83172864,941.23095703125
83172866,1063.4378662109375
83172868,779.1773681640625
83172870,-84.84407806396484
83172872,-1985.3331298828125
83172874,-2179.079833984375
83172876,-1087.932373046875
83172878,1013.9835205078125
83172880,1196.6728515625
83172882,1010.1246948242188
83172884,951.3618774414062
83172886,558.576904296875
83172888,-999.258544921875
83172890,-2296.82958984375
83172892,-1869.5728759765625
83172894,-63.049461364746094
83172896,1312.944091796875
83172898,773.3330688476562
83172900,822.7125854492188
83172902,645.7761840820312
83172904,-158.55616760253906
83172906,-2003.1527099609375
83172908,-2356.92578125
83172910,-1322.0406494140625
83172912,772.96337890625
83172914,1139.7625732421875
83172916,932.3793334960938
83172918,901.5545043945312
83172920,557.339111328125
83172922,-846.7418823242188
83172924,-2307.42578125
83172926,-1933.3243408203125
83172928,-264.0816650390625
83172930,1310.4393310546875
83172932,977.3102416992188
83172934,1009.0156860351562
83172936,813.1631469726562
83172938,107.0623779296875
83172940,-1766.190673828125
83172942,-2244.9453125
83172944,-1344.7159423828125
83172946,755.2144775390625
83172948,1307.56494140625
83172950,949.447021484375
83172952,1005.2689819335938
83172954,629.8300170898438
83172956,-699.151611328125
83172958,-2247.799072265625
83172960,-1974.6871337890625
83172962,-423.47686767578125
83172964,1302.734130859375
83172966,1037.0325927734375
83172968,1036.1519775390625
83172970,854.35986328125
83172972,235.5912322998047
83172974,-1634.9287109375
83172976,-2297.06640625
83172978,-1485.15771484375
83172980,594.0165405273438
83172982,1317.7789306640625
83172984,929.6212768554688
83172986,994.8057250976562
83172988,692.6302490234375
83172990,-538.5435180664062
83172992,-2217.962890625
83172994,-1988.253173828125
83172996,-569.3973999023438
83172998,1316.8651123046875
83173000,1038.5487060546875
83173002,1072.70068359375
83173004,886.7132568359375
83173006,339.8996887207031
83173008,-1488.3934326171875
83173010,-2277.5771484375
83173012,-1584.7183837890625
83173014,465.0515441894531
83173016,1344.7906494140625
83173018,903.4777221679688
83173020,1003.2710571289062
83173022,702.5659790039062
83173024,-408.3988342285156
83173026,-2183.590576171875
83173028,-2088.283447265625
83173030,-761.3370971679688
83173032,1210.4798583984375
83173034,1096.2647705078125
83173036,1037.0616455078125
83173038,884.5325317382812
83173040,406.01458740234375
83173042,-1316.117431640625
83173044,-2315.567138671875
83173046,-1702.7923583984375
83173048,298.864990234375
83173050,1342.3399658203125
83173052,922.5225219726562
83173054,1015.4456176757812
83173056,729.2993774414062
83173058,-229.2235565185547
83173060,-2138.094970703125
83173062,-2149.027587890625
83173064,-889.6582641601562
83173066,1134.666015625
83173068,1171.3931884765625
83173070,1043.333740234375
83173072,934.7760620117188
83173074,456.9974670410156
83173076,-1201.802734375
83173078,-2306.77783203125
83173080,-1732.20068359375
83173082,165.85841369628906
83173084,1395.4537353515625
83173086,931.7645874023438
83173088,1065.2572021484375
83173090,767.1647338867188
83173092,-88.39967346191406
83173094,-1976.714111328125
83173096,-2180.234375
83173098,-1065.3526611328125
83173100,1029.655517578125
83173102,1187.02783203125
83173104,1025.5059814453125
83173106,971.1751708984375
83173108,533.2807006835938
83173110,-1013.9669189453125
83173112,-2308.8671875
83173114,-1847.0721435546875
83173116,-30.384531021118164
83173118,1402.4693603515625
83173120,976.6456298828125
83173122,1090.4578857421875
83173124,809.0758666992188
83173126,36.81450271606445
83173128,-1929.02099609375
83173130,-2240.712646484375
83173132,-1232.84765625
83173134,931.3242797851562
83173136,1226.2308349609375
83173138,969.8501586914062
83173140,1005.7466430664062
83173142,621.4727172851562
83173144,-836.7978515625
83173146,-2311.458984375
83173148,-1870.2291259765625
83173150,-162.182373046875
83173152,1381.97900390625
83173154,1031.13427734375
83173156,1043.4002685546875
83173158,838.318115234375
83173160,138.06996154785156
83173162,-1784.2510986328125
83173164,-2242.274658203125
83173166,-1330.260986328125
83173168,797.869140625
83173170,1326.435302734375
83173172,991.653076171875
83173174,1055.3670654296875
83173176,671.7369995117188
83173178,-703.9117431640625
83173180,-2262.092041015625
83173182,-1964.132568359375
83173184,-349.8644714355469
83173186,1323.4737548828125
83173188,1039.5206298828125
83173190,1063.5791015625
83173192,852.6734619140625
83173194,249.1448516845703
83173196,-1656.3536376953125
83173198,-2299.982421875
83173200,-1452.683837890625
83173202,677.6975708007812
83173204,1333.8497314453125
83173206,947.05029296875
83173208,1044.3638916015625
83173210,672.775390625
83173212,-514.3147583007812
83173214,-2201.08203125
83173216,-2024.2578125
83173218,-516.1257934570312
83173220,1298.3187255859375
83173222,1076.023681640625
83173224,1095.6998291015625
83173226,942.0408935546875
83173228,340.6847229003906
83173230,-1451.9610595703125
83173232,-2262.97265625
83173234,-1541.0211181640625
83173236,499.4319763183594
83173238,1350.4189453125
83173240,1006.0166625976562
83173242,1044.74609375
83173244,736.0242309570312
83173246,-362.8490295410156
83173248,-2115.847412109375
83173250,-2047.5477294921875
83173252,-645.9630737304688
83173254,1240.3326416015625
83173256,1198.1016845703125
83173258,1299.4486083984375
83173260,1122.9774169921875
83173262,625.2609252929688
83173264,-1190.0185546875
83173266,-2112.63671875
83173268,-1544.809326171875
83173270,530.6804809570312
83173272,1501.91796875
83173274,1033.1903076171875
83173276,1135.2017822265625
83173278,815.7384643554688
83173280,-208.77059936523438
83173282,-2021.566162109375
83173284,-2060.3330078125
83173286,-850.2435302734375
83173288,1166.010009765625
83173290,1179.8419189453125
83173292,1085.136962890625
83173294,961.8458862304688
83173296,574.6934204101562
83173298,-1172.4898681640625
83173300,-2234.32421875
83173302,-1711.5899658203125
83173304,237.5642547607422
83173306,1447.6453857421875
83173308,1005.314697265625
83173310,1105.3905029296875
83173312,839.9048461914062
83173314,-81.52940368652344
83173316,-1966.7535400390625
83173318,-2120.35009765625
83173320,-1013.0032348632812
83173322,1076.708984375
83173324,1177.295654296875
83173326,1066.5157470703125
83173328,1007.2212524414062
83173330,575.7899780273438
83173332,-1006.1204833984375
83173334,-2285.9716796875
83173336,-1791.005126953125
83173338,36.84773254394531
83173340,1411.649169921875
83173342,997.3727416992188
83173344,1104.970947265625
83173346,828.7853393554688
83173348,31.676340103149414
83173350,-1874.835693359375
83173352,-2197.45166015625
83173354,-1153.9683837890625
83173356,980.0724487304688
83173358,1264.8023681640625
83173360,1044.1187744140625
83173362,1042.2745361328125
83173364,619.1050415039062
83173366,-834.8290405273438
83173368,-2280.5595703125
83173370,-1896.4931640625
83173372,-166.02041625976562
83173374,1466.8272705078125
83173376,1027.6617431640625
83173378,1102.4246826171875
83173380,885.1389770507812
83173382,159.8604278564453
83173384,-1769.2935791015625
83173386,-2180.5458984375
83173388,-1261.37548828125
83173390,879.269775390625
83173392,1312.8236083984375
83173394,1032.696044921875
83173396,1015.33349609375
83173398,709.7684936523438
83173400,-631.8985595703125
83173402,-2225.9794921875
83173404,-1900.8421630859375
83173406,-305.1371154785156
83173408,1380.072509765625
83173410,1062.8687744140625
83173412,1151.397216796875
83173414,910.9461059570312
83173416,281.7474670410156
83173418,-1617.10498046875
83173420,-2214.38232421875
83173422,-1437.26513671875
83173424,731.97021484375
83173426,1339.78125
83173428,1012.322021484375
83173430,1040.1395263671875
83173432,763.0941162109375
83173434,-555.6485595703125
83173436,-2211.034423828125
83173438,-1981.9063720703125
83173440,-476.3995361328125
83173442,1350.5850830078125
83173444,1080.04443359375
83173446,1090.4910888671875
83173448,913.5463256835938
83173450,328.2775573730469
83173452,-1483.973876953125
83173454,-2229.9296875
83173456,-1501.9677734375
83173458,566.0328979492188
83173460,1395.1131591796875
83173462,968.5625
83173464,1091.28857421875
83173466,743.6380615234375
83173468,-358.109619140625
83173470,-2118.863037109375
83173472,-2045.05126953125
83173474,-698.8192749023438
83173476,1234.604736328125
83173478,1125.614990234375
83173480,1110.674072265625
83173482,941.268310546875
83173484,441.82806396484375
83173486,-1288.2916259765625
83173488,-2228.737548828125
83173490,-1585.3372802734375
83173492,399.8296813964844
83173494,1415.2711181640625
83173496,973.2063598632812
83173498,1130.1923828125
83173500,814.90771484375
83173502,-222.09161376953125
83173504,-2025.52880859375
83173506,-2071.468994140625
83173508,-784.1410522460938
83173510,1212.6480712890625
83173512,1160.79296875
83173514,1066.739990234375
83173516,923.8475952148438
83173518,498.094482421875
83173520,-1171.3060302734375
83173522,-2257.290283203125
83173524,-1754.1988525390625
83173526,233.78436279296875
83173528,1384.330078125
83173530,1000.3800659179688
83173532,1117.394775390625
83173534,819.2566528320312
83173536,-125.36370849609375
83173538,-1962.30908203125
83173540,-2091.323974609375
83173542,-950.6474609375
83173544,1138.9443359375
83173546,1199.2689208984375
83173548,1046.4739990234375
83173550,977.5054931640625
83173552,540.5621948242188
83173554,-1024.3138427734375
83173556,-2301.473388671875
83173558,-1815.603515625
83173560,57.441925048828125
83173562,1415.362548828125
83173564,1034.253662109375
83173566,1126.5205078125
83173568,815.5224609375
83173570,27.003395080566406
83173572,-1895.9407958984375
83173574,-2158.9423828125
83173576,-1096.759033203125
83173578,1035.9234619140625
83173580,1271.1741943359375
83173582,1036.0938720703125
83173584,1030.54443359375
83173586,636.4261474609375
83173588,-819.9545288085938
83173590,-2240.6171875
83173592,-1840.0938720703125
83173594,-85.87004852294922
83173596,1437.0989990234375
83173598,975.9229125976562
83173600,1136.4853515625
83173602,861.3837890625
83173604,111.1371841430664
83173606,-1789.6385498046875
83173608,-2197.34375
83173610,-1229.7073974609375
83173612,921.0562744140625
83173614,1254.8084716796875
83173616,959.0130615234375
83173618,777.83154296875
83173620,506.53900146484375
83173622,-919.5567626953125
83173624,-2425.2255859375
83173626,-2037.4998779296875
83173628,-397.4288330078125
83173630,1246.73779296875
83173632,920.599365234375
83173634,999.0591430664062
83173636,774.9530029296875
83173638,155.07533264160156
83173640,-1689.1888427734375
83173642,-2274.125244140625
83173644,-1415.8070068359375
83173646,722.3377075195312
83173648,1295.0166015625
83173650,982.3528442382812
83173652,1029.991943359375
83173654,685.4069213867188
83173656,-553.060791015625
83173658,-2187.5615234375
83173660,-1951.5384521484375
83173662,-469.4088134765625
83173664,1322.111328125
83173666,1091.23046875
83173668,1059.8780517578125
83173670,857.2092895507812
83173672,310.3043518066406
83173674,-1527.492431640625
83173676,-2257.4814453125
83173678,-1463.7410888671875
83173680,550.963134765625
83173682,1348.612060546875
83173684,952.0306396484375
83173686,1049.7679443359375
83173688,728.5890502929688
83173690,-387.2937316894531
83173692,-2117.126953125
83173694,-2041.1925048828125
83173696,-643.8031616210938
83173698,1295.112060546875
83173700,1112.601318359375
83173702,1076.2437744140625
83173704,908.6449584960938
83173706,445.9236145019531
83173708,-1372.49609375
83173710,-2291.46728515625
83173712,-1613.1715087890625
83173714,462.5468444824219
83173716,1407.740478515625
83173718,970.6600952148438
83173720,1109.162109375
83173722,789.07568359375
83173724,-214.49859619140625
83173726,-2101.716552734375
83173728,-2049.98583984375
83173730,-826.3429565429688
83173732,1243.136474609375
83173734,1134.163330078125
83173736,1066.673583984375
83173738,962.3692626953125
83173740,512.2503662109375
83173742,-1228.1414794921875
83173744,-2297.872314453125
83173746,-1721.1351318359375
83173748,277.6518859863281
83173750,1393.6094970703125
83173752,984.2012939453125
83173754,1123.6502685546875
83173756,824.943115234375
83173758,-157.79603576660156
83173760,-2026.13525390625
83173762,-2135.320068359375
83173764,-938.7802734375
83173766,1153.9310302734375
83173768,1185.150390625
83173770,1073.68505859375
83173772,995.889892578125
83173774,573.2063598632812
83173776,-1060.8583984375
83173778,-2267.52099609375
83173780,-1758.9674072265625
83173782,96.80266571044922
83173784,1385.1234130859375
83173786,1024.5880126953125
83173788,1082.0548095703125
83173790,830.2059326171875
83173792,-13.25870418548584
83173794,-1951.380615234375
83173796,-2137.588134765625
83173798,-1076.33935546875
83173800,1016.6336059570312
83173802,1253.6744384765625
83173804,1054.8603515625
83173806,1020.48828125
83173808,645.6515502929688
83173810,-888.6156616210938
83173812,-2254.7275390625
83173814,-1849.2735595703125
83173816,-65.81584167480469
83173818,1411.8236083984375
83173820,1036.351318359375
83173822,1084.7921142578125
83173824,862.239501953125
83173826,83.74748992919922
83173828,-1783.3289794921875
83173830,-2165.32666015625
83173832,-1221.2255859375
83173834,923.664794921875
83173836,1306.381103515625
83173838,1038.465576171875
83173840,1018.8807373046875
83173842,716.0988159179688
83173844,-724.2525634765625
83173846,-2210.1455078125
83173848,-1921.4613037109375
83173850,-250.98495483398438
83173852,1403.7362060546875
83173854,1064.3433837890625
83173856,1099.774658203125
83173858,900.1796264648438
83173860,171.72763061523438
83173862,-1667.149169921875
83173864,-2255.109619140625
83173866,-1366.9300537109375
83173868,739.9661254882812
83173870,1347.5445556640625
83173872,1031.1259765625
83173874,1040.0731201171875
83173876,700.119384765625
83173878,-631.9110107421875
83173880,-2220.11865234375
83173882,-1966.8033447265625
83173884,-431.83416748046875
83173886,1347.5528564453125
83173888,1098.32080078125
83173890,1145.8187255859375
83173892,905.12255859375
83173894,334.32537841796875
83173896,-1527.5174560546875
83173898,-2254.91845703125
83173900,-1465.747314453125
83173902,624.13525390625
83173904,1364.8448486328125
83173906,1001.2191162109375
83173908,1027.0885009765625
83173910,706.3707885742188
83173912,-445.5996398925781
83173914,-2133.417724609375
83173916,-2017.7572021484375
83173918,-583.0714721679688
83173920,1340.4708251953125
83173922,1103.978271484375
83173924,1157.478271484375
83173926,954.2611694335938
83173928,421.4581604003906
83173930,-1399.495361328125
83173932,-2262.21240234375
83173934,-1554.138671875
83173936,458.54266357421875
83173938,1443.030517578125
83173940,983.9188232421875
83173942,1121.8143310546875
83173944,802.2346801757812
83173946,-278.74847412109375
83173948,-2115.41552734375
83173950,-2037.15087890625
83173952,-794.0020141601562
83173954,1245.0887451171875
83173956,1178.8699951171875
83173958,1080.1483154296875
83173960,958.9092407226562
83173962,486.3726501464844
83173964,-1233.8944091796875
83173966,-2267.89892578125
83173968,-1669.6663818359375
83173970,309.9471435546875
83173972,1461.6932373046875
83173974,997.5222778320312
83173976,1282.7755126953125
83173978,1060.62158203125
83173980,-7.626247406005859
83173982,-1836.7667236328125
83173984,-1974.3631591796875
83173986,-777.9353637695312
83173988,1256.84375
83173990,1327.5069580078125
83173992,1184.3072509765625
83173994,1069.066162109375
83173996,635.1799926757812
83173998,-990.8638305664062
83174000,-2191.20849609375
83174002,-1717.30126953125
83174004,180.8699951171875
83174006,1456.297607421875
83174008,1038.095947265625
83174010,1186.64990234375
83174012,870.6757202148438
83174014,-1.0342786312103271
83174016,-1910.9273681640625
83174018,-2106.651123046875
83174020,-1030.7188720703125
83174022,1057.7845458984375
83174024,1254.712890625
83174026,1112.47265625
83174028,1041.144775390625
83174030,639.7490844726562
83174032,-913.633544921875
83174034,-2267.9404296875
83174036,-1765.4388427734375
83174038,12.353191375732422
83174040,1487.1431884765625
83174042,1064.9248046875
83174044,1138.1759033203125
83174046,901.429931640625
83174048,149.96209716796875
83174050,-1774.1201171875
83174052,-2180.695556640625
83174054,-1210.1309814453125
83174056,957.5717163085938
83174058,1344.88623046875
83174060,1015.2296142578125
83174062,1060.24365234375
83174064,668.6217041015625
83174066,-749.1791381835938
83174068,-2254.062744140625
83174070,-1913.3946533203125
83174072,-196.7663116455078
83174074,1426.5859375
83174076,1077.614501953125
83174078,1128.62646484375
83174080,954.8219604492188
83174082,232.6005401611328
83174084,-1643.6597900390625
83174086,-2177.83349609375
83174088,-1287.74755859375
83174090,835.3648681640625
83174092,1369.0401611328125
83174094,1035.9276123046875
83174096,1086.9853515625
83174098,728.975341796875
83174100,-600.471435546875
83174102,-2202.28662109375
83174104,-1930.0428466796875
83174106,-352.0617980957031
83174108,1427.491455078125
83174110,1082.7236328125
83174112,1118.624267578125
83174114,909.7290649414062
83174116,361.0006408691406
83174118,-1487.579345703125
83174120,-2207.632568359375
83174122,-1394.8348388671875
83174124,691.89501953125
83174126,1376.79931640625
83174128,1020.6627197265625
83174130,1106.9481201171875
83174132,761.133544921875
83174134,-385.0756530761719
83174136,-2155.70263671875
83174138,-1949.1998291015625
83174140,-522.697021484375
83174142,1326.38134765625
83174144,1135.31396484375
83174146,1125.6357421875
83174148,937.5175170898438
83174150,433.8778076171875
83174152,-1347.615234375
83174154,-2203.075927734375
83174156,-1539.554931640625
83174158,537.8414916992188
83174160,1446.1666259765625
83174162,1022.5194091796875
83174164,1121.7021484375
83174166,797.7860717773438
83174168,-302.9522705078125
83174170,-2098.547119140625
83174172,-1992.2159423828125
83174174,-720.468505859375
83174176,1294.5263671875
83174178,1201.3790283203125
83174180,1115.5047607421875
83174182,973.9664916992188
83174184,540.01806640625
83174186,-1230.745849609375
83174188,-2267.591552734375
83174190,-1607.5264892578125
83174192,344.66815185546875
83174194,1434.3658447265625
83174196,1038.0460205078125
83174198,1126.7281494140625
83174200,838.1063232421875
83174202,-147.3618621826172
83174204,-2000.2449951171875
83174206,-1997.4744873046875
83174208,-870.8584594726562
83174210,1182.1846923828125
83174212,1205.3624267578125
83174214,1084.302001953125
83174216,1020.7208862304688
83174218,577.3642578125
83174220,-1081.884521484375
83174222,-2270.582275390625
83174224,-1727.0833740234375
83174226,199.67808532714844
83174228,1475.844970703125
83174230,1032.409423828125
83174232,1129.9140625
83174234,855.7139892578125
83174236,-7.551480293273926
83174238,-1912.9793701171875
83174240,-2085.658203125
83174242,-1033.4603271484375
83174244,1076.6591796875
83174246,1223.1820068359375
83174248,1057.7139892578125
83174250,1009.4434814453125
83174252,608.994873046875
83174254,-933.8248291015625
83174256,-2230.581787109375
83174258,-1777.4306640625
83174260,24.793611526489258
83174262,1449.67236328125
83174264,1013.6719970703125
83174266,1162.4378662109375
83174268,901.741455078125
83174270,132.65350341796875
83174272,-1784.417236328125
83174274,-2112.437255859375
83174276,-1132.4561767578125
83174278,937.4593505859375
83174280,1327.7396240234375
83174282,1039.350341796875
83174284,1043.645263671875
83174286,642.390869140625
83174288,-789.9147338867188
83174290,-2244.384765625
83174292,-1882.819091796875
83174294,-136.99830627441406
83174296,1396.56689453125
83174298,1092.875244140625
83174300,1139.6671142578125
83174302,899.1578369140625
83174304,245.83848571777344
83174306,-1704.5909423828125
83174308,-2190.7060546875
83174310,-1296.7237548828125
83174312,817.5744018554688
83174314,1340.0595703125
83174316,1045.136474609375
83174318,1045.119873046875
83174320,717.2784423828125
83174322,-603.183837890625
83174324,-2184.770263671875
83174326,-1908.7757568359375
83174328,-348.061767578125
83174330,1389.87939453125
83174332,1109.494384765625
83174334,1085.892822265625
83174336,662.4658813476562
83174338,112.17977142333984
83174340,-1735.75634765625
83174342,-2326.009521484375
83174344,-1566.0556640625
83174346,573.16064453125
83174348,1265.3837890625
83174350,924.1715698242188
83174352,996.6873779296875
83174354,643.1842651367188
83174356,-498.0030822753906
83174358,-2198.456787109375
83174360,-2035.335693359375
83174362,-528.8154296875
83174364,1350.684814453125
83174366,1066.5157470703125
83174368,1050.21240234375
83174370,932.1716918945312
83174372,390.7704162597656
83174374,-1398.004150390625
83174376,-2215.582763671875
83174378,-1495.91162109375
83174380,559.2830810546875
83174382,1378.4898681640625
83174384,1050.872802734375
83174386,1135.8165283203125
83174388,806.7705688476562
83174390,-278.6778564453125
83174392,-2073.94873046875
83174394,-2000.618896484375
83174396,-685.2573852539062
83174398,1295.689453125
83174400,1129.835205078125
83174402,1107.7996826171875
83174404,927.2286987304688
83174406,489.08087158203125
83174408,-1271.99658203125
83174410,-2257.053466796875
83174412,-1597.005126953125
83174414,380.1243896484375
83174416,1430.0126953125
83174418,1023.7156982421875
83174420,1137.9349365234375
83174422,836.6151123046875
83174424,-134.02423095703125
83174426,-2043.8468017578125
83174428,-2062.44287109375
83174430,-868.1336059570312
83174432,1210.2679443359375
83174434,1222.82470703125
83174436,1108.1444091796875
83174438,996.9781494140625
83174440,531.3865966796875
83174442,-1146.1427001953125
83174444,-2264.459716796875
83174446,-1693.82861328125
83174448,207.16310119628906
83174450,1481.1119384765625
83174452,1034.51953125
83174454,1133.2412109375
83174456,887.195068359375
83174458,-49.765830993652344
83174460,-1957.1085205078125
83174462,-2108.51611328125
83174464,-984.0309448242188
83174466,1096.68017578125
83174468,1276.623779296875
83174470,1056.5509033203125
83174472,1040.201904296875
83174474,613.206787109375
83174476,-967.2914428710938
83174478,-2225.6845703125
83174480,-1805.1361083984375
83174482,53.43357467651367
83174484,1429.7137451171875
83174486,1014.4030151367188
83174488,1116.9586181640625
83174490,853.6370849609375
83174492,84.43701171875
83174494,-1819.30029296875
83174496,-2128.425048828125
83174498,-1138.2589111328125
83174500,1011.4248046875
83174502,1303.0748291015625
83174504,1049.04931640625
83174506,1050.0919189453125
83174508,659.6537475585938
83174510,-807.617919921875
83174512,-2249.610107421875
83174514,-1884.376708984375
83174516,-167.78990173339844
83174518,1402.8182373046875
83174520,1050.1500244140625
83174522,1126.9442138671875
83174524,892.5159912109375
83174526,161.1356201171875
83174528,-1739.2496337890625
83174530,-2204.36767578125
83174532,-1295.465087890625
83174534,866.239501953125
83174536,1374.1368408203125
83174538,1077.93017578125
83174540,1098.4122314453125
83174542,733.0834350585938
83174544,-660.01513671875
83174546,-2210.207763671875
83174548,-1929.7479248046875
83174550,-306.150634765625
83174552,1372.7576904296875
83174554,1077.7681884765625
83174556,1121.606689453125
83174558,933.6919555664062
83174560,303.413330078125
83174562,-1557.806396484375
83174564,-2216.20166015625
83174566,-1435.146728515625
83174568,691.3508911132812
83174570,1390.38623046875
83174572,995.291748046875
83174574,1071.7744140625
83174576,752.323486328125
83174578,-520.254638671875
83174580,-2195.881591796875
83174582,-1974.163818359375
83174584,-468.968505859375
83174586,1365.281005859375
83174588,1102.0384521484375
83174590,1103.446533203125
83174592,888.694580078125
83174594,361.52813720703125
83174596,-1465.0452880859375
83174598,-2290.14208984375
83174600,-1485.892822265625
83174602,616.0977783203125
83174604,1445.668212890625
83174606,1020.1310424804688
83174608,1143.0399169921875
83174610,837.350341796875
83174612,-305.8681640625
83174614,-2100.603271484375
83174616,-1985.0423583984375
83174618,-642.9142456054688
83174620,1325.3553466796875
83174622,1187.538818359375
83174624,1147.0523681640625
83174626,1020.7457885742188
83174628,513.1600341796875
83174630,-1275.66845703125
83174632,-2236.24755859375
83174634,-1634.4468994140625
83174636,375.17730712890625
83174638,1448.1064453125
83174640,1000.8909912109375
83174642,1127.064697265625
83174644,831.568359375
83174646,-179.49095153808594
83174648,-2058.8916015625
83174650,-2121.720947265625
83174652,-814.3303833007812
83174654,1224.32421875
83174656,1237.4542236328125
83174658,1097.361328125
83174660,978.1741943359375
83174662,530.015869140625
83174664,-1153.8271484375
83174666,-2241.19873046875
83174668,-1709.72900390625
83174670,252.37229919433594
83174672,1460.60498046875
83174674,1051.873779296875
83174676,1116.6387939453125
83174678,888.2169189453125
83174680,-43.2818603515625
83174682,-1943.9993896484375
83174684,-2069.026611328125
83174686,-979.7111206054688
83174688,1162.5333251953125
83174690,1276.9228515625
83174692,1077.65185546875
83174694,1096.9417724609375
83174696,899.59814453125
83174698,-800.5607299804688
83174700,-2077.43798828125
83174702,-1628.220458984375
83174704,161.01101684570312
83174706,1563.1563720703125
83174708,1129.8310546875
83174710,1226.6585693359375
83174712,953.8042602539062
83174714,144.49163818359375
83174716,-1801.8795166015625
83174718,-2099.82666015625
83174720,-1089.6519775390625
83174722,1070.7484130859375
83174724,1320.4332275390625
83174726,1087.1431884765625
83174728,1102.7196044921875
83174730,690.0175170898438
83174732,-777.5947875976562
83174734,-2195.69873046875
83174736,-1813.87548828125
83174738,-73.63731384277344
83174740,1455.6287841796875
83174742,1042.0751953125
83174744,1136.3441162109375
83174746,927.6482543945312
83174748,189.50144958496094
83174750,-1686.883544921875
83174752,-2182.39013671875
83174754,-1237.1842041015625
83174756,869.0349731445312
83174758,1342.09912109375
83174760,1030.598388671875
83174762,1045.0159912109375
83174764,687.0185546875
83174766,-633.0574340820312
83174768,-2201.243896484375
83174770,-1909.224365234375
83174772,-279.2303161621094
83174774,1421.3189697265625
83174776,1073.7265625
83174778,1130.213134765625
83174780,897.3260498046875
83174782,311.6667785644531
83174784,-1604.1246337890625
83174786,-2172.387939453125
83174788,-1378.311279296875
83174790,736.7760620117188
83174792,1364.1221923828125
83174794,1009.2399291992188
83174796,1058.3245849609375
83174798,732.0491333007812
83174800,-503.4444885253906
83174802,-2152.666259765625
83174804,-1903.4091796875
83174806,-418.76654052734375
83174808,1377.052734375
83174810,1188.74755859375
83174812,1150.890380859375
83174814,963.6029052734375
83174816,345.5362854003906
83174818,-1478.9603271484375
83174820,-2213.2109375
83174822,-1458.536376953125
83174824,590.2740478515625
83174826,1416.517333984375
83174828,998.68115234375
83174830,1127.5714111328125
83174832,777.3330688476562
83174834,-305.78509521484375
83174836,-2097.20556640625
83174838,-1969.8314208984375
83174840,-636.9827270507812
83174842,1288.349853515625
83174844,1150.4501953125
83174846,1091.965576171875
83174848,960.09716796875
83174850,487.86798095703125
83174852,-1279.7059326171875
83174854,-2259.280029296875
83174856,-1603.601318359375
83174858,411.5224304199219
83174860,1406.5400390625
83174862,992.7205810546875
83174864,1120.738525390625
83174866,798.4464721679688
83174868,-202.38632202148438
83174870,-2069.674560546875
83174872,-2052.50732421875
83174874,-808.0083618164062
83174876,1215.0032958984375
83174878,1162.7908935546875
83174880,1100.7799072265625
83174882,976.5667114257812
83174884,554.6599731445312
83174886,-1159.04833984375
83174888,-2220.10205078125
83174890,-1647.6224365234375
83174892,268.787841796875
83174894,1464.010986328125
83174896,1035.5870361328125
83174898,1141.7938232421875
83174900,834.8165283203125
83174902,-69.84496307373047
83174904,-1978.7412109375
83174906,-2061.823974609375
83174908,-976.8616333007812
83174910,1106.8900146484375
83174912,1255.1324462890625
83174914,1076.7255859375
83174916,997.2273559570312
83174918,575.5116577148438
83174920,-960.5790405273438
83174922,-2242.8310546875
83174924,-1720.4083251953125
83174926,110.65119934082031
83174928,1496.684326171875
83174930,1069.8387451171875
83174932,1187.293701171875
83174934,920.0552368164062
83174936,78.60517883300781
83174938,-1861.9591064453125
83174940,-2114.25244140625
83174942,-1035.088623046875
83174944,994.68115234375
83174946,1289.0517578125
83174948,1053.4771728515625
83174950,1085.3487548828125
83174952,663.7784423828125
83174954,-789.702880859375
83174956,-2202.905517578125
83174958,-1774.8802490234375
83174960,-63.59775161743164
83174962,1525.7437744140625
83174964,1111.7332763671875
83174966,1201.3541259765625
83174968,957.3681640625
83174970,216.28884887695312
83174972,-1738.809326171875
83174974,-2140.4873046875
83174976,-1179.7921142578125
83174978,943.37841796875
83174980,1371.7069091796875
83174982,1052.5384521484375
83174984,1057.020263671875
83174986,667.4005126953125
83174988,-660.9788208007812
83174990,-2175.137939453125
83174992,-1843.848876953125
83174994,-262.1418762207031
83174996,1386.3238525390625
83174998,1120.8382568359375
83175000,1164.2738037109375
83175002,930.2734375
83175004,293.2076110839844
83175006,-1596.8680419921875
83175008,-2170.452392578125
83175010,-1317.1060791015625
83175012,790.8701171875
83175014,1385.4598388671875
83175016,1022.066650390625
83175018,1083.2677001953125
83175020,758.5789794921875
83175022,-508.8650817871094
83175024,-2136.342041015625
83175026,-1934.6285400390625
83175028,-452.258056640625
83175030,1384.2552490234375
83175032,1088.3809814453125
83175034,1112.617919921875
83175036,923.5651245117188
83175038,377.835693359375
83175040,-1461.6434326171875
83175042,-2183.927001953125
83175044,-1435.4541015625
83175046,663.91552734375
83175048,1460.5010986328125
83175050,1032.1934814453125
83175052,1101.85986328125
83175054,685.6602783203125
83175056,-651.3587646484375
83175058,-2236.3388671875
83175060,-2156.873779296875
83175062,-742.8488159179688
83175064,1155.7669677734375
83175066,1106.0675048828125
83175068,1046.3203125
83175070,917.1808471679688
83175072,404.9138488769531
83175074,-1367.2998046875
83175076,-2263.716064453125
83175078,-1555.447021484375
83175080,446.5840759277344
83175082,1445.46875
83175084,1027.6866455078125
83175086,1149.84375
83175088,799.6137084960938
83175090,-201.94186401367188
83175092,-2017.2669677734375
83175094,-2022.3138427734375
83175096,-774.7453002929688
83175098,1226.3553466796875
83175100,1165.648681640625
83175102,1100.376953125
83175104,971.1502685546875
83175106,540.923583984375
83175108,-1213.64501953125
83175110,-2244.484375
83175112,-1662.01513671875
83175114,272.22296142578125
83175116,1451.6412353515625
83175118,1030.9764404296875
83175120,1155.8458251953125
83175122,836.3160400390625
83175124,-70.3434066772461
83175126,-1964.6434326171875
83175128,-2071.0205078125
83175130,-914.4103393554688
83175132,1181.6405029296875
83175134,1230.44677734375
83175136,1091.3134765625
83175138,1013.4559936523438
83175140,566.8802490234375
83175142,-1018.4985961914062
83175144,-2254.644287109375
83175146,-1723.5235595703125
83175148,148.7284393310547
83175150,1444.2933349609375
83175152,1027.449951171875
83175154,1153.6651611328125
83175156,902.8920288085938
83175158,88.82334899902344
83175160,-1862.5240478515625
83175162,-2163.158447265625
83175164,-1053.651611328125
83175166,1033.310791015625
83175168,1303.0914306640625
83175170,1055.2923583984375
83175172,1002.5150756835938
83175174,630.0376586914062
83175176,-855.4813842773438
83175178,-2251.88623046875
83175180,-1817.231689453125
83175182,-44.120914459228516
83175184,1459.7783203125
83175186,1108.87548828125
83175188,1142.1343994140625
83175190,889.1099243164062
83175192,144.55393981933594
83175194,-1781.7755126953125
83175196,-2183.0341796875
83175198,-1177.60302734375
83175200,927.6192016601562
83175202,1319.1871337890625
83175204,1036.1478271484375
83175206,1047.18017578125
83175208,715.1517333984375
83175210,-685.0538330078125
83175212,-2214.519287109375
83175214,-1912.60546875
83175216,-275.55010986328125
83175218,1398.1536865234375
83175220,1038.44482421875
83175222,1149.3037109375
83175224,906.896240234375
83175226,235.40431213378906
83175228,-1637.5289306640625
83175230,-2167.89794921875
83175232,-1353.8707275390625
83175234,797.4288330078125
83175236,1377.941650390625
83175238,1056.1978759765625
83175240,1113.116455078125
83175242,742.4583740234375
83175244,-578.9551391601562
83175246,-2172.197021484375
83175248,-1957.814697265625
83175250,-424.0293273925781
83175252,1383.17529296875
83175254,1097.328125
83175256,1144.423095703125
83175258,931.8975219726562
83175260,323.9368896484375
83175262,-1520.6221923828125
83175264,-2196.006103515625
83175266,-1447.292236328125
83175268,643.9526977539062
83175270,1379.0963134765625
83175272,1014.4030151367188
83175274,1103.9366455078125
83175276,797.27099609375
83175278,-377.46185302734375
83175280,-2124.744873046875
83175282,-2018.853759765625
83175284,-567.632080078125
83175286,1338.4312744140625
83175288,1095.832763671875
83175290,1107.8909912109375
83175292,976.0807495117188
83175294,400.1121520996094
83175296,-1391.2667236328125
83175298,-2250.6982421875
83175300,-1584.1451416015625
83175302,474.94989013671875
83175304,1460.0068359375
83175306,992.4630737304688
83175308,1146.4791259765625
83175310,795.3768920898438
83175312,-245.0077362060547
83175314,-2053.649658203125
83175316,-2027.5350341796875
83175318,-729.1788940429688
83175320,1264.951904296875
83175322,1206.982421875
83175324,1138.063720703125
83175326,1020.484130859375
83175328,517.7374267578125
83175330,-1210.1142578125
83175332,-2297.28662109375
83175334,-1667.2281494140625
83175336,320.3896179199219
83175338,1458.0130615234375
83175340,984.089111328125
83175342,1139.883056640625
83175344,839.9713134765625
83175346,-89.27610778808594
83175348,-1993.68212890625
83175350,-2078.708984375
83175352,-879.1326904296875
83175354,1196.045654296875
83175356,1252.528076171875
83175358,1116.84228515625
83175360,1015.9108276367188
83175362,582.564697265625
83175364,-1054.847900390625
83175366,-2233.605712890625
83175368,-1738.8798828125
83175370,169.5677032470703
83175372,1466.976806640625
83175374,1027.7822265625
83175376,1120.427001953125
83175378,854.1853637695312
83175380,12.00012493133545
83175382,-1922.1424560546875
83175384,-2116.2919921875
83175386,-1049.37744140625
83175388,1085.0538330078125
83175390,1272.270751953125
83175392,1100.2730712890625
83175394,1086.66552734375
83175396,623.9026489257812
83175398,-906.3977661132812
83175400,-2214.1953125
83175402,-1785.1400146484375
83175404,-41.732521057128906
83175406,1442.42822265625
83175408,1062.806396484375
83175410,1170.4752197265625
83175412,903.257568359375
83175414,341.4282531738281
83175416,-1550.7159423828125
83175418,-1991.472412109375
83175420,-1024.5423583984375
83175422,1054.241455078125
83175424,1450.897705078125
83175426,1183.1566162109375
83175428,1151.6380615234375
83175430,779.351806640625
83175432,-656.995361328125
83175434,-2131.598388671875
83175436,-1836.2349853515625
83175438,-189.68836975097656
83175440,1464.526123046875
83175442,1082.3704833984375
83175444,1178.720458984375
83175446,929.106201171875
83175448,243.3753204345703
83175450,-1632.3367919921875
83175452,-2207.76953125
83175454,-1315.2327880859375
83175456,833.088623046875
83175458,1361.9580078125
83175460,1042.079345703125
83175462,1079.3258056640625
83175464,713.6730346679688
83175466,-562.6807861328125
83175468,-2192.209716796875
83175470,-1904.71337890625
83175472,-360.4024963378906
83175474,1365.9830322265625
83175476,1070.337158203125
83175478,1178.0391845703125
83175480,922.3356323242188
83175482,355.3681640625
83175484,-1502.0924072265625
83175486,-2212.110107421875
83175488,-1446.8394775390625
83175490,667.6704711914062
83175492,1411.175537109375
83175494,995.2335815429688
83175496,1097.415283203125
83175498,801.3001098632812
83175500,-390.6208801269531
83175502,-2115.050048828125
83175504,-1953.7606201171875
83175506,-538.2402954101562
83175508,1401.5223388671875
83175510,1133.6898193359375
83175512,1136.3482666015625
83175514,971.2706909179688
83175516,432.27862548828125
83175518,-1346.5186767578125
83175520,-2234.344970703125
83175522,-1525.901611328125
83175524,529.2723388671875
83175526,1456.1646728515625
83175528,1009.912841796875
83175530,1162.5250244140625
83175532,808.2576293945312
83175534,-284.04864501953125
83175536,-2059.630859375
83175538,-2061.608154296875
83175540,-706.5992431640625
83175542,1289.60009765625
83175544,1190.63330078125
83175546,1126.7364501953125
83175548,992.1431884765625
83175550,513.5712890625
83175552,-1238.3887939453125
83175554,-2213.921142578125
83175556,-1632.4697265625
83175558,388.8680114746094
83175560,1419.4456787109375
83175562,1019.2587280273438
83175564,1139.235107421875
83175566,869.0059204101562
83175568,-150.02024841308594
83175570,-1981.270751953125
83175572,-2100.70703125
83175574,-871.3236694335938
83175576,1232.6981201171875
83175578,1232.6649169921875
83175580,1082.9976806640625
83175582,993.5554809570312
83175584,606.6189575195312
83175586,-1074.7359619140625
83175588,-2273.40673828125
83175590,-1682.925048828125
83175592,206.46112060546875
83175594,1471.1387939453125
83175596,1018.1455688476562
83175598,1138.8778076171875
83175600,825.7032470703125
83175602,-30.924516677856445
83175604,-1951.8582763671875
83175606,-2106.08203125
83175608,-1003.0675048828125
83175610,1097.7476806640625
83175612,1267.6268310546875
83175614,1121.4571533203125
83175616,1090.5118408203125
83175618,655.9818725585938
83175620,-860.9518432617188
83175622,-2177.688232421875
83175624,-1745.24755859375
83175626,41.39191436767578
83175628,1473.2904052734375
83175630,1100.954345703125
83175632,1138.1259765625
83175634,940.4334106445312
83175636,154.46888732910156
83175638,-1777.9083251953125
83175640,-2156.70361328125
83175642,-1149.1085205078125
83175644,978.3984985351562
83175646,1341.621337890625
83175648,1037.4063720703125
83175650,1078.7567138671875
83175652,695.6333618164062
83175654,-689.9095458984375
83175656,-2173.0361328125
83175658,-1848.521728515625
83175660,-193.5679473876953
83175662,1450.0711669921875
83175664,1060.9954833984375
83175666,1149.8187255859375
83175668,906.7508544921875
83175670,237.7677764892578
83175672,-1675.057861328125
83175674,-2171.65283203125
83175676,-1271.9051513671875
83175678,861.1719360351562
83175680,1369.9249267578125
83175682,1066.403564453125
83175684,1062.3453369140625
83175686,730.2007446289062
83175688,-580.8699951171875
83175690,-2215.71142578125
83175692,-1923.737548828125
83175694,-354.9527893066406
83175696,1423.00537109375
83175698,1096.9666748046875
83175700,1143.3721923828125
83175702,931.4240112304688
83175704,375.80035400390625
83175706,-1532.4935302734375
83175708,-2198.6064453125
83175710,-1395.99365234375
83175712,699.5087890625
83175714,1417.6802978515625
83175716,1043.7781982421875
83175718,1131.097900390625
83175720,720.6347045898438
83175722,-429.09271240234375
83175724,-2113.42578125
83175726,-1989.997802734375
83175728,-519.3324584960938
83175730,1369.567626953125
83175732,1173.7027587890625
83175734,1163.4305419921875
83175736,972.9197387695312
83175738,438.8498229980469
83175740,-1334.88818359375
83175742,-2162.103515625
83175744,-1501.971923828125
83175746,540.6785278320312
83175748,1440.3472900390625
83175750,1066.98095703125
83175752,1109.747802734375
83175754,804.1537475585938
83175756,-288.31866455078125
83175758,-2067.344482421875
83175760,-2000.39453125
83175762,-662.3744506835938
83175764,1314.190185546875
83175766,1185.76513671875
83175768,1152.04931640625
83175770,978.336181640625
83175772,482.4972229003906
83175774,-1462.2457275390625
83175776,-2392.564697265625
83175778,-1772.1055908203125
83175780,244.3514404296875
83175782,1352.504150390625
83175784,889.6997680664062
83175786,1028.421875
83175788,775.1939086914062
83175790,-194.2865447998047
83175792,-2091.963623046875
83175794,-2125.629638671875
83175796,-922.9545288085938
83175798,1158.8365478515625
83175800,1166.558349609375
83175802,1086.3206787109375
83175804,974.7847900390625
83175806,555.0960693359375
83175808,-1118.910888671875
83175810,-2222.477783203125
83175812,-1711.7353515625
83175814,210.50270080566406
83175816,1503.720703125
83175818,1047.85302734375
83175820,1149.7813720703125
83175822,865.1553955078125
83175824,7.792396545410156
83175826,-1902.815185546875
83175828,-2092.69873046875
83175830,-1003.3001098632812
83175832,1109.739501953125
83175834,1247.1905517578125
83175836,1076.5677490234375
83175838,1036.31396484375
83175840,630.2786254882812
83175842,-900.4911499023438
83175844,-2198.240966796875
83175846,-1763.8936767578125
83175848,11.66367244720459
83175850,1465.3194580078125
83175852,1063.1802978515625
83175854,1167.81689453125
83175856,910.879638671875
83175858,138.66395568847656
83175860,-1808.724853515625
83175862,-2162.805419921875
83175864,-1224.934814453125
83175866,988.915771484375
83175868,1347.05029296875
83175870,1080.67578125
83175872,1065.2197265625
83175874,695.3384399414062
83175876,-774.5126953125
83175878,-2223.836181640625
83175880,-1857.3775634765625
83175882,-132.89027404785156
83175884,1469.0703125
83175886,1058.536376953125
83175888,1143.484375
83175890,922.3314819335938
83175892,207.8401641845703
83175894,-1648.939208984375
83175896,-2196.33837890625
83175898,-1242.26416015625
83175900,883.4068603515625
83175902,1384.620849609375
83175904,1024.8995361328125
83175906,1084.3934326171875
83175908,706.9024658203125
83175910,-613.0156860351562
83175912,-2207.840087890625
83175914,-1907.10595703125
83175916,-335.99517822265625
83175918,1450.3702392578125
83175920,1096.406005859375
83175922,1152.5435791015625
83175924,929.671142578125
83175926,278.91046142578125
83175928,-1566.5167236328125
83175930,-2206.560791015625
83175932,-1366.518798828125
83175934,758.5956420898438
83175936,1410.5775146484375
83175938,1072.426513671875
83175940,1122.7779541015625
83175942,768.419189453125
83175944,-439.56842041015625
83175946,-2148.678466796875
83175948,-1943.6505126953125
83175950,-500.0841064453125
83175952,1359.1875
83175954,1152.3193359375
83175956,1188.8846435546875
83175958,985.277099609375
83175960,419.43115234375
83175962,-1418.033447265625
83175964,-2230.041748046875
83175966,-1545.9931640625
83175968,556.2009887695312
83175970,1454.9600830078125
83175972,1020.79150390625
83175974,1124.638916015625
83175976,786.8160400390625
83175978,-286.32489013671875
83175980,-2048.702392578125
83175982,-2008.9512939453125
83175984,-664.4305419921875
83175986,1339.5487060546875
83175988,1166.4835205078125
83175990,1097.373779296875
83175992,984.678955078125
83175994,462.895751953125
83175996,-1290.3560791015625
83175998,-2228.646240234375
83176000,-1612.77685546875
83176002,437.8031005859375
83176004,1425.5433349609375
83176006,1045.128173828125
83176008,1164.493896484375
83176010,812.427978515625
83176012,-171.1419677734375
83176014,-2005.9937744140625
83176016,-2057.076416015625
83176018,-801.9771728515625
83176020,1206.2015380859375
83176022,1196.448486328125
83176024,1102.528564453125
83176026,1018.2785034179688
83176028,581.343505859375
83176030,-1125.1041259765625
83176032,-2239.433349609375
83176034,-1685.4962158203125
83176036,222.58590698242188
83176038,1425.8465576171875
83176040,1041.1572265625
83176042,1129.00439453125
83176044,909.2597045898438
83176046,-5.2669291496276855
83176048,-1905.9013671875
83176050,-2045.7698974609375
83176052,-967.5946655273438
83176054,1157.45751953125
83176056,1269.7867431640625
83176058,1108.036376953125
83176060,1026.573486328125
83176062,607.6241455078125
83176064,-955.503173828125
83176066,-2233.19873046875
83176068,-1759.44921875
83176070,62.193790435791016
83176072,1488.0487060546875
83176074,1051.217529296875
83176076,1149.037841796875
83176078,875.336181640625
83176080,98.02801513671875
83176082,-1823.017822265625
83176084,-2187.154541015625
83176086,-1137.154052734375
83176088,1016.9202270507812
83176090,1285.620849609375
83176092,1044.7626953125
83176094,1059.6787109375
83176096,649.7180786132812
83176098,-804.7933959960938
83176100,-2257.718017578125
83176102,-1873.8677978515625
83176104,-108.32096099853516
83176106,1452.0191650390625
83176108,1043.83642578125
83176110,1163.27685546875
83176112,895.955322265625
83176114,191.2958526611328
83176116,-1717.326171875
83176118,-2189.596923828125
83176120,-1269.803466796875
83176122,880.3040161132812
83176124,1362.838623046875
83176126,1040.2890625
83176128,1110.17138671875
83176130,727.6503295898438
83176132,-538.3108520507812
83176134,-1934.0220947265625
83176136,-1764.7327880859375
83176138,-96.0965347290039
83176140,1591.817138671875
83176142,1206.02294921875
83176144,1284.154541015625
83176146,1027.744873046875
83176148,402.05609130859375
83176150,-1505.30322265625
83176152,-2140.798828125
83176154,-1345.6380615234375
83176156,836.5860595703125
83176158,1455.470947265625
83176160,1072.3309326171875
83176162,1108.231689453125
83176164,765.42431640625
83176166,-433.4665832519531
83176168,-2122.007568359375
83176170,-1932.933837890625
83176172,-416.2286071777344
83176174,1402.4735107421875
83176176,1166.853271484375
83176178,1126.18408203125
83176180,943.091796875
83176182,384.0912170410156
83176184,-1427.74072265625
83176186,-2217.72607421875
83176188,-1486.204345703125
83176190,620.787353515625
83176192,1417.526611328125
83176194,1029.8050537109375
83176196,1088.605224609375
83176198,831.8092651367188
83176200,-325.3367004394531
83176202,-2094.987548828125
83176204,-1976.8013916015625
83176206,-608.2887573242188
83176208,1320.246337890625
83176210,1144.8260498046875
83176212,1112.4683837890625
83176214,979.9146118164062
83176216,505.6501159667969
83176218,-1290.3519287109375
83176220,-2222.423828125
83176222,-1600.307373046875
83176224,463.4440612792969
83176226,1459.9237060546875
83176228,1034.9224853515625
83176230,1143.9620361328125
83176232,872.61962890625
83176234,-175.27076721191406
83176236,-2030.8704833984375
83176238,-2033.2755126953125
83176240,-763.2020874023438
83176242,1292.8441162109375
83176244,1187.7672119140625
83176246,1149.6942138671875
83176248,989.5595703125
83176250,587.7527465820312
83176252,-1135.7335205078125
83176254,-2236.69189453125
83176256,-1640.357666015625
83176258,309.0374755859375
83176260,1496.5970458984375
83176262,1054.1375732421875
83176264,1142.1177978515625
83176266,903.4610595703125
83176268,-42.928794860839844
83176270,-1926.4539794921875
83176272,-2077.17626953125
83176274,-935.77294921875
83176276,1131.8787841796875
83176278,1279.5147705078125
83176280,1082.51171875
83176282,1057.4398193359375
83176284,655.9195556640625
83176286,-960.1843872070312
83176288,-2227.919189453125
83176290,-1660.3204345703125
83176292,153.06077575683594
83176294,1541.3160400390625
83176296,1078.3331298828125
83176298,1200.5399169921875
83176300,886.2230834960938
83176302,97.6791000366211
83176304,-1840.941162109375
83176306,-2096.989501953125
83176308,-1068.534423828125
83176310,1048.725341796875
83176312,1309.068603515625
83176314,1068.517822265625
83176316,1057.26123046875
83176318,691.6624145507812
83176320,-764.45654296875
83176322,-2180.836669921875
83176324,-1780.778564453125
83176326,-61.9445686340332
83176328,1493.5606689453125
83176330,1091.1431884765625
83176332,1157.3494873046875
83176334,943.1126098632812
83176336,192.18060302734375
83176338,-1700.279296875
83176340,-2186.398681640625
83176342,-1212.7353515625
83176344,903.7310791015625
83176346,1356.084716796875
83176348,1035.16748046875
83176350,1083.03515625
83176352,734.088623046875
83176354,-626.9971313476562
83176356,-2180.32177734375
83176358,-1869.9176025390625
83176360,-256.0649719238281
83176362,1470.3662109375
83176364,1115.903564453125
83176366,1140.54345703125
83176368,959.3494873046875
83176370,315.33038330078125
83176372,-1556.2113037109375
83176374,-2152.5
83176376,-1295.7767333984375
83176378,758.674560546875
83176380,1373.48046875
83176382,1087.670654296875
83176384,1101.8515625
83176386,759.0857543945312
83176388,-516.0302734375
83176390,-2125.30126953125
83176392,-1945.0087890625
83176394,-418.9783935546875
83176396,1398.1246337890625
83176398,1150.6868896484375
83176400,1124.9171142578125
83176402,1010.5857543945312
83176404,380.4400939941406
83176406,-1438.8643798828125
83176408,-2171.1708984375
83176410,-1420.828857421875
83176412,640.9744262695312
83176414,1445.5850830078125
83176416,1057.5146484375
83176418,1132.6722412109375
83176420,782.8243408203125
83176422,-330.4084167480469
83176424,-2085.180419921875
83176426,-1988.6810302734375
83176428,-628.1477661132812
83176430,1305.5545654296875
83176432,1196.423583984375
83176434,1156.0577392578125
83176436,995.2418823242188
83176438,488.8067321777344
83176440,-1317.8330078125
83176442,-2182.253173828125
83176444,-1532.892333984375
83176446,472.1336669921875
83176448,1444.6463623046875
83176450,1008.2597045898438
83176452,1141.6484375
83176454,817.7363891601562
83176456,-191.33738708496094
83176458,-2067.032958984375
83176460,-2022.828857421875
83176462,-782.5709228515625
83176464,1251.036865234375
83176466,1201.1380615234375
83176468,1134.4957275390625
83176470,993.3436279296875
83176472,575.29150390625
83176474,-1161.49072265625
83176476,-2211.553466796875
83176478,-1617.968994140625
83176480,330.0262756347656
83176482,1462.706787109375
83176484,988.4048461914062
83176486,1158.47509765625
83176488,865.2218627929688
83176490,-87.82645416259766
83176492,-2086.015380859375
83176494,-2313.240966796875
83176496,-1051.4210205078125
83176498,1005.8878784179688
83176500,1111.1226806640625
83176502,975.4867553710938
83176504,944.861328125
83176506,550.8426513671875
83176508,-1053.7845458984375
83176510,-2317.320068359375
83176512,-1763.8563232421875
83176514,127.28273010253906
83176516,1438.457275390625
83176518,1012.0894165039062
83176520,1132.547607421875
83176522,867.9550170898438
83176524,63.71820831298828
83176526,-1835.2464599609375
83176528,-2073.69970703125
83176530,-1101.63134765625
83176532,1033.015869140625
83176534,1282.65087890625
83176536,1055.3504638671875
83176538,1014.2784423828125
83176540,674.1627807617188
83176542,-836.5237426757812
83176544,-2273.452392578125
83176546,-1803.87744140625
83176548,-54.95384216308594
83176550,1459.09716796875
83176552,1082.0589599609375
83176554,1195.9085693359375
83176556,971.6736450195312
83176558,188.49209594726562
83176560,-1727.876708984375
83176562,-2107.361328125
83176564,-1214.288818359375
83176566,967.8355712890625
83176568,1317.6876220703125
83176570,1054.166748046875
83176572,1082.187744140625
83176574,734.400146484375
83176576,-705.880615234375
83176578,-2203.798583984375
83176580,-1850.95166015625
83176582,-228.62127685546875
83176584,1447.4251708984375
83176586,1081.83056640625
83176588,1145.4906005859375
83176590,943.8353271484375
83176592,261.0494384765625
83176594,-1628.7645263671875
83176596,-2179.8564453125
83176598,-1327.9722900390625
83176600,803.2274169921875
83176602,1368.304931640625
83176604,1046.5404052734375
83176606,1113.731201171875
83176608,778.2261352539062
83176610,-519.5318603515625
83176612,-2160.707763671875
83176614,-1945.7606201171875
83176616,-363.33502197265625
83176618,1396.3094482421875
83176620,1162.5582275390625
83176622,1146.5
83176624,966.1865234375
83176626,391.4765319824219
83176628,-1453.1407470703125
83176630,-2217.954345703125
83176632,-1463.7452392578125
83176634,677.61865234375
83176636,1442.7314453125
83176638,1064.1729736328125
83176640,1142.7366943359375
83176642,832.2495727539062
83176644,-354.44189453125
83176646,-2118.53076171875
83176648,-1937.0045166015625
83176650,-562.6849365234375
83176652,1332.69921875
83176654,1171.5635986328125
83176656,1144.086669921875
83176658,985.3269653320312
83176660,458.9248046875
83176662,-1363.5863037109375
83176664,-2217.314697265625
83176666,-1540.842529296875
83176668,536.96923828125
83176670,1462.125244140625
83176672,1011.3292846679688
83176674,1150.857177734375
83176676,839.4313354492188
83176678,-229.2235565185547
83176680,-2048.669189453125
83176682,-2002.2513427734375
83176684,-731.5922241210938
83176686,1311.82666015625
83176688,1192.718505859375
83176690,1130.0469970703125
83176692,1002.4361572265625
83176694,528.6658935546875
83176696,-1162.09716796875
83176698,-2231.931884765625
83176700,-1673.9613037109375
83176702,337.66497802734375
83176704,1458.6610107421875
83176706,1036.93701171875
83176708,1135.318115234375
83176710,798.5877075195312
83176712,-86.95832824707031
83176714,-2020.74365234375
83176716,-2061.662109375
83176718,-894.489013671875
83176720,1221.5079345703125
83176722,1220.2327880859375
83176724,1078.27490234375
83176726,1027.0802001953125
83176728,617.0323486328125
83176730,-1028.16015625
83176732,-2246.964111328125
83176734,-1720.537109375
83176736,192.13906860351562
83176738,1482.3704833984375
83176740,1045.8758544921875
83176742,1139.883056640625
83176744,899.4527587890625
83176746,73.49193572998047
83176748,-1864.4637451171875
83176750,-2116.603515625
83176752,-1027.9981689453125
83176754,1070.8106689453125
83176756,1281.9697265625
83176758,1053.8052978515625
83176760,1038.432373046875
83176762,691.276123046875
83176764,-842.6213989257812
83176766,-2227.304443359375
83176768,-1785.277099609375
83176770,-50.1272087097168
83176772,1465.1533203125
83176774,1034.9847412109375
83176776,1156.6973876953125
83176778,930.6763305664062
83176780,133.22256469726562
83176782,-1787.4287109375
83176784,-2126.95458984375
83176786,-1158.5291748046875
83176788,973.106689453125
83176790,1336.7158203125
83176792,1078.0506591796875
83176794,1094.4495849609375
83176796,744.431396484375
83176798,-721.943115234375
83176800,-2188.68310546875
83176802,-1885.3238525390625
83176804,-207.9523162841797
83176806,1420.89111328125
83176808,1075.720458984375
83176810,1122.4124755859375
83176812,910.6594848632812
83176814,271.15960693359375
83176816,-1662.5093994140625
83176818,-2207.541015625
83176820,-1314.4268798828125
83176822,796.8348388671875
83176824,1392.637451171875
83176826,1047.848876953125
83176828,1088.1234130859375
83176830,765.2291259765625
83176832,-583.2833251953125
83176834,-2192.587646484375
83176836,-1952.5352783203125
83176838,-366.91552734375
83176840,1383.204345703125
83176842,1115.84130859375
83176844,1126.3543701171875
83176846,920.00537109375
83176848,330.6160888671875
83176850,-1548.6806640625
83176852,-1969.125244140625
83176854,-1255.954833984375
83176856,842.8125
83176858,1549.5654296875
83176860,1146.915283203125
83176862,1258.264404296875
83176864,917.1476440429688
83176866,-304.1651611328125
83176868,-2077.001708984375
83176870,-1932.859130859375
83176872,-492.7860107421875
83176874,1403.8983154296875
83176876,1190.60009765625
83176878,1180.6727294921875
83176880,1001.40185546875
83176882,489.37994384765625
83176884,-1348.60791015625
83176886,-2215.76953125
83176888,-1514.9814453125
83176890,482.5013732910156
83176892,1448.0274658203125
83176894,1030.4197998046875
83176896,1134.10107421875
83176898,816.2659912109375
83176900,-232.70022583007812
83176902,-2059.880126953125
83176904,-1994.0560302734375
83176906,-737.5819091796875
83176908,1272.1129150390625
83176910,1222.475830078125
83176912,1116.80908203125
83176914,984.8700561523438
83176916,555.5530395507812
83176918,-1220.2120361328125
83176920,-2215.420654296875
83176922,-1628.0126953125
83176924,301.9595031738281
83176926,1428.8040771484375
83176928,1017.1278686523438
83176930,1131.7625732421875
83176932,828.7437744140625
83176934,-125.66693115234375
83176936,-1982.8616943359375
83176938,-2070.908203125
83176940,-840.3285522460938
83176942,1169.04638671875
83176944,1230.1934814453125
83176946,1105.290771484375
83176948,996.1515502929688
83176950,578.5521850585938
83176952,-1066.362060546875
83176954,-2247.96923828125
83176956,-1705.6043701171875
83176958,186.2823028564453
83176960,1456.8416748046875
83176962,1015.1922607421875
83176964,1093.6728515625
83176966,886.6177368164062
83176968,48.407562255859375
83176970,-1916.273193359375
83176972,-2114.28564453125
83176974,-1000.9158935546875
83176976,1112.2939453125
83176978,1277.9654541015625
83176980,1124.767578125
83176982,1048.4345703125
83176984,650.7357177734375
83176986,-879.4151611328125
83176988,-2263.238525390625
83176990,-1757.5426025390625
83176992,38.37630844116211
83176994,1441.6556396484375
83176996,1046.70654296875
83176998,1159.567626953125
83177000,860.3412475585938
83177002,147.91845703125
83177004,-1804.5213623046875
83177006,-2110.51416015625
83177008,-1125.3948974609375
83177010,966.0536499023438
83177012,1330.92138671875
83177014,1061.0411376953125
83177016,1105.199462890625
83177018,706.4081420898438
83177020,-733.2537231445312
83177022,-2197.12353515625
83177024,-1837.47705078125
83177026,-156.79498291015625
83177028,1454.58203125
83177030,1104.954345703125
83177032,1208.3282470703125
83177034,932.7822875976562
83177036,278.4618835449219
83177038,-1659.7347412109375
83177040,-2187.2001953125
83177042,-1286.1275634765625
83177044,866.6715087890625
83177046,1376.417236328125
83177048,1047.9859619140625
83177050,1128.2359619140625
83177052,733.2080078125
83177054,-568.1304931640625
83177056,-2186.884521484375
83177058,-1863.62890625
83177060,-320.4103698730469
83177062,1421.0364990234375
83177064,1134.470703125
83177066,1147.3431396484375
83177068,945.168701171875
83177070,339.6795349121094
83177072,-1524.7926025390625
83177074,-2157.1396484375
83177076,-1394.166015625
83177078,711.1807861328125
83177080,1432.654541015625
83177082,1012.0894165039062
83177084,1108.6885986328125
83177086,795.1068725585938
83177088,-406.4881286621094
83177090,-2088.358154296875
83177092,-1960.7513427734375
83177094,-495.8597717285156
83177096,1348.799072265625
83177098,1175.418212890625
83177100,1186.3134765625
83177102,987.8067016601562
83177104,422.1435241699219
83177106,-1358.53955078125
83177108,-2165.509521484375
83177110,-1496.2979736328125
83177112,586.494140625
83177114,1461.813720703125
83177116,1056.4554443359375
83177118,1148.7470703125
83177120,812.2700805664062
83177122,-262.49493408203125
83177124,-2104.7861328125
83177126,-1992.8306884765625
83177128,-638.104248046875
83177130,1286.277099609375
83177132,1143.6961669921875
83177134,1151.67138671875
83177136,993.210693359375
83177138,554.5643920898438
83177140,-1199.5804443359375
83177142,-2198.710205078125
83177144,-1572.099365234375
83177146,425.4000549316406
83177148,1493.481689453125
83177150,1070.877197265625
83177152,1146.59130859375
83177154,835.7012939453125
83177156,-112.16731262207031
83177158,-1994.1390380859375
83177160,-2076.985107421875
83177162,-829.80712890625
83177164,1206.766357421875
83177166,1254.44287109375
83177168,1096.0611572265625
83177170,1044.85400390625
83177172,586.514892578125
83177174,-1066.04638671875
83177176,-2231.063720703125
83177178,-1686.243896484375
83177180,213.03648376464844
83177182,1427.7032470703125
83177184,1043.666015625
83177186,1189.4952392578125
83177188,903.8348999023438
83177190,30.043926239013672
83177192,-1851.6702880859375
83177194,-2121.126953125
83177196,-983.7568359375
83177198,1144.8675537109375
83177200,1242.1728515625
83177202,1077.4027099609375
83177204,1013.5224609375
83177206,649.389892578125
83177208,-897.8992309570312
83177210,-2274.37451171875
83177212,-2005.840087890625
83177214,-108.1008071899414
83177216,1282.1483154296875
83177218,907.2700805664062
83177220,1040.3929443359375
83177222,819.4976196289062
83177224,27.464458465576172
83177226,-1914.4996337890625
83177228,-2173.056884765625
83177230,-1193.96044921875
83177232,963.3329467773438
83177234,1241.259033203125
83177236,1047.807373046875
83177238,1042.424072265625
83177240,662.0214233398438
83177242,-764.0369873046875
83177244,-2206.199462890625
83177246,-1844.9246826171875
83177248,-106.69684600830078
83177250,1480.3974609375
83177252,1092.8961181640625
83177254,1187.1524658203125
83177256,916.337646484375
83177258,257.26123046875
83177260,-1720.665771484375
83177262,-2121.920166015625
83177264,-1228.32421875
83177266,906.1610107421875
83177268,1385.2064208984375
83177270,1054.199951171875
83177272,1079.0142822265625
83177274,708.8671875
83177276,-636.4925537109375
83177278,-2195.669677734375
83177280,-1929.6732177734375
83177282,-260.0400695800781
83177284,1433.3648681640625
83177286,1110.6533203125
83177288,1146.4625244140625
83177290,959.5820922851562
83177292,351.32244873046875
83177294,-1561.77734375
83177296,-2141.14794921875
83177298,-1325.729248046875
83177300,754.5166625976562
83177302,1393.84619140625
83177304,1060.7503662109375
83177306,1104.281494140625
83177308,764.9176025390625
83177310,-436.9391174316406
83177312,-2143.112548828125
83177314,-1953.9932861328125
83177316,-542.5726318359375
83177318,1348.26318359375
83177320,1078.6861572265625
83177322,1092.522216796875
83177324,923.4238891601562
83177326,445.3628845214844
83177328,-1420.4259033203125
83177330,-2186.76416015625
83177332,-1528.098876953125
83177334,567.4658813476562
83177336,1450.3785400390625
83177338,1053.8135986328125
83177340,1168.8968505859375
83177342,826.3595581054688
83177344,-306.3001708984375
83177346,-2078.048583984375
83177348,-2001.0218505859375
83177350,-627.0054931640625
83177352,1286.3975830078125
83177354,1152.701416015625
83177356,1146.7325439453125
83177358,987.0631713867188
83177360,482.3476867675781
83177362,-1234.874755859375
83177364,-2247.815673828125
83177366,-1595.717529296875
83177368,406.60858154296875
83177370,1445.18212890625
83177372,1031.163330078125
83177374,1144.39404296875
83177376,842.8872680664062
83177378,-126.73859405517578
83177380,-1999.76318359375
83177382,-2024.706298828125
83177384,-805.4580078125
83177386,1224.361572265625
83177388,1168.431640625
83177390,1101.4693603515625
83177392,1007.1090698242188
83177394,566.46484375
83177396,-1059.961181640625
83177398,-2231.46240234375
83177400,-1669.4046630859375
83177402,251.96522521972656
83177404,1465.485595703125
83177406,1055.495849609375
83177408,1158.3255615234375
83177410,848.2040405273438
83177412,-27.431228637695312
83177414,-1898.1214599609375
83177416,-2090.38916015625
83177418,-993.218994140625
83177420,1156.630859375
83177422,1282.01953125
83177424,1095.5087890625
83177426,1050.955810546875
83177428,633.4354248046875
83177430,-967.1253051757812
83177432,-2267.8408203125
83177434,-1787.2874755859375
83177436,85.88250732421875
83177438,1479.9031982421875
83177440,1034.752197265625
83177442,1199.086181640625
83177444,866.1605834960938
83177446,138.67640686035156
83177448,-1811.167236328125
83177450,-2071.631103515625
83177452,-1084.7755126953125
83177454,1027.6243896484375
83177456,1296.349853515625
83177458,1093.078857421875
83177460,1033.1031494140625
83177462,711.2597045898438
83177464,-793.8856811523438
83177466,-2175.673583984375
83177468,-1821.6678466796875
83177470,-116.89425659179688
83177472,1441.85498046875
83177474,1012.1890869140625
83177476,1153.6651611328125
83177478,938.5684204101562
83177480,232.61300659179688
83177482,-1707.7642822265625
83177484,-2154.83447265625
83177486,-1228.92236328125
83177488,907.81005859375
83177490,1329.9119873046875
83177492,1068.57177734375
83177494,1038.9100341796875
83177496,751.9288940429688
83177498,-622.4155883789062
83177500,-2194.643798828125
83177502,-1870.8231201171875
83177504,-259.17193603515625
83177506,1432.6669921875
83177508,1071.4544677734375
83177510,1116.3563232421875
83177512,921.8870239257812
83177514,330.1259460449219
83177516,-1601.6656494140625
83177518,-2159.49072265625
83177520,-1367.8563232421875
83177522,808.7186889648438
83177524,1419.4622802734375
83177526,1093.2449951171875
83177528,1132.967041015625
83177530,798.22216796875
83177532,-439.776123046875
83177534,-2097.031005859375
83177536,-1914.5701904296875
83177538,-440.76470947265625
83177540,1413.4019775390625
83177542,1123.11865234375
83177544,1155.642333984375
83177546,1002.8556518554688
83177548,393.341552734375
83177550,-1473.1783447265625
83177552,-2219.993896484375
83177554,-1487.1805419921875
83177556,598.6812133789062
83177558,1435.7158203125
83177560,1025.605712890625
83177562,1112.4600830078125
83177564,787.7298583984375
83177566,-312.59722900390625
83177568,-2088.266845703125
83177570,-1873.5770263671875
83177572,-339.34722900390625
83177574,1513.3199462890625
83177576,1341.3846435546875
83177578,1274.2894287109375
83177580,1126.532958984375
83177582,611.2545166015625
83177584,-1192.5980224609375
83177586,-2142.742919921875
83177588,-1506.18798828125
83177590,510.5930480957031
83177592,1451.5166015625
83177594,1078.8232421875
83177596,1208.7269287109375
83177598,884.2791748046875
83177600,-141.3929443359375
83177602,-1965.5655517578125
83177604,-1970.288330078125
83177606,-748.1489868164062
83177608,1267.8553466796875
83177610,1169.1212158203125
83177612,1141.158203125
83177614,1009.7176513671875
83177616,552.9320068359375
83177618,-1138.7864990234375
83177620,-2211.520263671875
83177622,-1672.943603515625
83177624,278.2375793457031
83177626,1462.4326171875
83177628,1042.5777587890625
83177630,1145.32861328125
83177632,851.4522094726562
83177634,-59.493865966796875
83177636,-1901.988525390625
83177638,-2082.3310546875
83177640,-934.896484375
83177642,1125.9888916015625
83177644,1232.57763671875
83177646,1094.8857421875
83177648,1000.0435791015625
83177650,611.379150390625
83177652,-980.3383178710938
83177654,-2236.006591796875
83177656,-1775.615478515625
83177658,136.36277770996094
83177660,1489.6976318359375
83177662,1073.5853271484375
83177664,1138.42919921875
83177666,852.2040405273438
83177668,32.30355453491211
83177670,-1863.04736328125
83177672,-2115.510986328125
83177674,-1111.6044921875
83177676,1033.850830078125
83177678,1301.2138671875
83177680,1085.265625
83177682,1087.2593994140625
83177684,686.0756225585938
83177686,-808.0166625976562
83177688,-2178.107666015625
83177690,-1796.3509521484375
83177692,-61.24258804321289
83177694,1456.438720703125
83177696,1042.989013671875
83177698,1184.244873046875
83177700,890.8212890625
83177702,180.7786102294922
83177704,-1757.2601318359375
83177706,-2148.7783203125
83177708,-1206.5628662109375
83177710,915.5027465820312
83177712,1293.88671875
83177714,1029.269287109375
83177716,1067.9986572265625
83177718,718.2338256835938
83177720,-675.3092041015625
83177722,-2214.033447265625
83177724,-1865.182373046875
83177726,-198.71026611328125
83177728,1411.478759765625
83177730,1133.6649169921875
83177732,1153.0504150390625
83177734,939.7979125976562
83177736,345.652587890625
83177738,-1601.9439697265625
83177740,-2168.47119140625
83177742,-1333.650390625
83177744,773.8190307617188
83177746,1383.3206787109375
83177748,1098.9771728515625
83177750,1153.9476318359375
83177752,763.1605834960938
83177754,-484.49932861328125
83177756,-2128.8818359375
83177758,-1904.717529296875
83177760,-428.32012939453125
83177762,1377.5054931640625
83177764,1144.439697265625
83177766,1116.4228515625
83177768,978.4691162109375
83177770,367.58843994140625
83177772,-1487.5709228515625
83177774,-2221.14453125
83177776,-1446.876953125
83177778,688.513916015625
83177780,1413.3231201171875
83177782,1018.5858764648438
83177784,1059.5831298828125
83177786,783.8212280273438
83177788,-348.7762145996094
83177790,-2093.9365234375
83177792,-1971.9954833984375
83177794,-585.4432373046875
83177796,1329.8206787109375
83177798,1158.8199462890625
83177800,1139.6671142578125
83177802,1000.6625366210938
83177804,500.3914794921875
83177806,-1321.1435546875
83177808,-2240.7001953125
83177810,-1574.78271484375
83177812,483.13690185546875
83177814,1454.24560546875
83177816,1007.0052490234375
83177818,1095.874267578125
83177820,831.4478759765625
83177822,-203.37490844726562
83177824,-2018.80810546875
83177826,-1998.0228271484375
83177828,-733.3782958984375
83177830,1291.41943359375
83177832,1231.3939208984375
83177834,1115.3843994140625
83177836,1021.410400390625
83177838,546.094970703125
83177840,-1156.593505859375
83177842,-2228.421875
83177844,-1639.564208984375
83177846,335.5632019042969
83177848,1495.4215087890625
83177850,1071.0184326171875
83177852,1161.2872314453125
83177854,838.7086181640625
83177856,-68.62376403808594
83177858,-1960.0618896484375
83177860,-2075.5107421875
83177862,-901.1931762695312
83177864,1170.50439453125
83177866,1259.4564208984375
83177868,1146.9942626953125
83177870,1042.2869873046875
83177872,593.5181274414062
83177874,-979.5989379882812
83177876,-2222.149658203125
83177878,-1694.0860595703125
83177880,170.81381225585938
83177882,1510.2047119140625
83177884,1086.6322021484375
83177886,1172.5272216796875
83177888,875.4691162109375
83177890,9.167281150817871
83177892,-1844.6837158203125
83177894,-2130.98779296875
83177896,-1036.0107421875
83177898,1056.4886474609375
83177900,1317.8330078125
83177902,1073.5687255859375
83177904,1045.169677734375
83177906,690.383056640625
83177908,-848.1334228515625
83177910,-2224.239013671875
83177912,-1784.69970703125
83177914,-39.74703598022461
83177916,1495.9781494140625
83177918,1085.539794921875
83177920,1179.326904296875
83177922,948.1842651367188
83177924,176.05581665039062
83177926,-1714.900390625
83177928,-2120.549560546875
83177930,-1342.8468017578125
83177932,757.6278076171875
83177934,1219.2442626953125
83177936,911.0167236328125
83177938,962.3609619140625
83177940,569.787841796875
83177942,-792.4983520507812
83177944,-2285.41943359375
83177946,-1898.578369140625
83177948,-264.2602844238281
83177950,1439.047119140625
83177952,1001.9293823242188
83177954,1154.9901123046875
83177956,902.970947265625
83177958,292.3851623535156
83177960,-1636.9473876953125
83177962,-2174.672607421875
83177964,-1354.1614990234375
83177966,831.9878540039062
83177968,1350.921630859375
83177970,1078.295654296875
83177972,1103.6168212890625
83177974,740.0118408203125
83177976,-536.3087768554688
83177978,-2172.911376953125
83177980,-1909.1287841796875
83177982,-399.2232360839844
83177984,1423.794677734375
83177986,1092.6427001953125
83177988,1128.0283203125
83177990,953.3473510742188
83177992,372.2696838378906
83177994,-1454.91015625
83177996,-2211.927490234375
83177998,-1387.1337890625
83178000,691.4339599609375
83178002,1452.463623046875
83178004,1071.3465576171875
83178006,1169.64453125
83178008,794.7787475585938
83178010,-368.2364196777344
83178012,-2113.2763671875
83178014,-1988.211669921875
83178016,-588.9780883789062
83178018,1363.2332763671875
83178020,1164.477294921875
83178022,1145.906005859375
83178024,994.2740478515625
83178026,476.532470703125
83178028,-1362.9051513671875
83178030,-2232.343017578125
83178032,-1505.7393798828125
83178034,557.4055786132812
83178036,1445.173828125
83178038,1057.4107666015625
83178040,1188.6519775390625
83178042,829.5454711914062
83178044,-234.94325256347656
83178046,-2027.8631591796875
83178048,-2033.0096435546875
83178050,-728.5724487304688
83178052,1262.9580078125
83178054,1172.8221435546875
83178056,1109.7269287109375
83178058,1016.1725463867188
83178060,541.7916870117188
83178062,-1198.0228271484375
83178064,-2234.1083984375
83178066,-1659.3526611328125
83178068,347.37225341796875
83178070,1461.198974609375
83178072,1037.83837890625
83178074,1183.4515380859375
83178076,888.432861328125
83178078,-79.64360809326172
83178080,-1949.4864501953125
83178082,-2052.382568359375
83178084,-876.6445922851562
83178086,1212.232666015625
83178088,1250.5965576171875
83178090,1120.2816162109375
83178092,1045.6182861328125
83178094,605.003173828125
83178096,-1072.401611328125
83178098,-2240.88720703125
83178100,-1690.472412109375
83178102,206.0748291015625
83178104,1458.19580078125
83178106,1080.7672119140625
83178108,1133.7230224609375
83178110,885.8617553710938
83178112,28.079212188720703
83178114,-1916.0157470703125
83178116,-2148.570556640625
83178118,-1048.808349609375
83178120,1107.4757080078125
83178122,1265.5084228515625
83178124,1077.1824951171875
83178126,1042.6318359375
83178128,625.1777954101562
83178130,-940.2797241210938
83178132,-2236.5341796875
83178134,-1816.4798583984375
83178136,-20.182971954345703
83178138,1430.3699951171875
83178140,1056.60498046875
83178142,1163.24365234375
83178144,941.517578125
83178146,128.1093292236328
83178148,-1820.6710205078125
83178150,-2162.265380859375
83178152,-1191.22314453125
83178154,983.9561767578125
83178156,1331.16650390625
83178158,1055.5499267578125
83178160,1102.25439453125
83178162,732.6389770507812
83178164,-703.8162231445312
83178166,-2239.400146484375
83178168,-1851.176025390625
83178170,-195.55758666992188
83178172,1470.6611328125
83178174,1072.16064453125
83178176,1160.1407470703125
83178178,922.0573120117188
83178180,206.6314239501953
83178182,-1686.8212890625
83178184,-2208.234619140625
83178186,-1321.9119873046875
83178188,828.540283203125
83178190,1423.21728515625
83178192,1067.923828125
83178194,1127.712646484375
83178196,760.5728149414062
83178198,-552.774169921875
83178200,-2206.54833984375
83178202,-1905.26171875
83178204,-325.7687072753906
83178206,1397.09033203125
83178208,1108.7301025390625
83178210,1150.78662109375
83178212,962.822021484375
83178214,324.59320068359375
83178216,-1551.0108642578125
83178218,-2208.521240234375
83178220,-1424.0396728515625
83178222,717.390625
83178224,1385.0985107421875
83178226,1007.8235473632812
83178228,1134.2381591796875
83178230,776.7598876953125
83178232,-402.2928466796875
83178234,-2135.61083984375
83178236,-1976.1285400390625
83178238,-504.71966552734375
83178240,1396.7122802734375
83178242,1155.8707275390625
83178244,1143.588134765625
83178246,973.47216796875
83178248,480.4701843261719
83178250,-1414.992919921875
83178252,-2279.35498046875
83178254,-1548.028564453125
83178256,562.1283569335938
83178258,1465.9425048828125
83178260,1047.26318359375
83178262,1167.9498291015625
83178264,823.680419921875
83178266,-259.8656311035156
83178268,-2089.9365234375
83178270,-2001.59912109375
83178272,-671.0017700195312
83178274,1290.0279541015625
83178276,1178.9197998046875
83178278,1121.36572265625
83178280,1000.0103759765625
83178282,518.8464965820312
83178284,-1268.4617919921875
83178286,-2228.43017578125
83178288,-1613.8568115234375
83178290,595.6614379882812
83178292,1629.0511474609375
83178294,1225.0968017578125
83178296,1310.289794921875
83178298,963.9352416992188
83178300,13.424853324890137
83178302,-1930.7158203125
83178304,-2005.3624267578125
83178306,-780.0703735351562
83178308,1270.6258544921875
83178310,1297.45068359375
83178312,1167.468017578125
83178314,1075.6539306640625
83178316,593.4599609375
83178318,-1085.6934814453125
83178320,-2241.875732421875
83178322,-1694.3021240234375
83178324,244.6006622314453
83178326,1505.216064453125
83178328,1046.86865234375
83178330,1160.6351318359375
83178332,866.3142700195312
83178334,9.964797019958496
83178336,-1931.2972412109375
83178338,-2075.5107421875
83178340,-1023.4290771484375
83178342,1102.9564208984375
83178344,1264.428466796875
83178346,1095.3883056640625
83178348,1074.61962890625
83178350,633.3897705078125
83178352,-942.726318359375
83178354,-2215.861083984375
83178356,-1775.9852294921875
83178358,34.30149841308594
83178360,1450.9932861328125
83178362,1050.611083984375
83178364,1154.2757568359375
83178366,884.9728393554688
83178368,106.97099304199219
83178370,-1846.1334228515625
83178372,-2155.6943359375
83178374,-1118.8153076171875
83178376,972.83251953125
83178378,1283.564697265625
83178380,1047.234130859375
83178382,1032.9619140625
83178384,695.6956787109375
83178386,-757.0545654296875
83178388,-2214.53173828125
83178390,-1841.3565673828125
83178392,-116.23796844482422
83178394,1401.8587646484375
83178396,1063.3671875
83178398,1148.9132080078125
83178400,904.5410766601562
83178402,234.9266357421875
83178404,-1713.4923095703125
83178406,-2177.621826171875
83178408,-1272.885498046875
83178410,834.90380859375
83178412,1335.1416015625
83178414,1061.552001953125
83178416,1099.86181640625
83178418,738.4915771484375
83178420,-593.2481079101562
83178422,-2201.447509765625
83178424,-1929.515380859375
83178426,-325.9431457519531
83178428,1485.4027099609375
83178430,1108.273193359375
83178432,1169.656982421875
83178434,977.1814575195312
83178436,345.72735595703125
83178438,-1541.349365234375
83178440,-2220.068603515625
83178442,-1410.477783203125
83178444,731.9286499023438
83178446,1396.1016845703125
83178448,1007.125732421875
83178450,1116.9254150390625
83178452,742.8073120117188
83178454,-478.1731872558594
83178456,-2138.23193359375
83178458,-1991.555419921875
83178460,-511.9762268066406
83178462,1380.2095947265625
83178464,1101.373779296875
83178466,1147.775146484375
83178468,946.0119018554688
83178470,406.2264404296875
83178472,-1441.8134765625
83178474,-2242.9931640625
83178476,-1529.80615234375
83178478,585.3311157226562
83178480,1449.72216796875
83178482,1057.7264404296875
83178484,1113.0333251953125
83178486,798.512939453125
83178488,-336.0450134277344
83178490,-2106.804931640625
83178492,-1983.8419189453125
83178494,-667.583251953125
83178496,1303.0498046875
83178498,1187.1026611328125
83178500,1119.853759765625
83178502,991.021728515625
83178504,513.7664794921875
83178506,-1256.3826904296875
83178508,-2238.78955078125
83178510,-1627.8880615234375
83178512,365.993408203125
83178514,1441.435546875
83178516,1031.41259765625
83178518,1127.779052734375
83178520,822.8621215820312
83178522,-177.65501403808594
83178524,-2042.2890625
83178526,-2042.4344482421875
83178528,-877.467041015625
83178530,1232.2952880859375
83178532,1199.2274169921875
83178534,1108.671875
83178536,1019.28369140625
83178538,576.6207275390625
83178540,-1136.0616455078125
83178542,-2259.1552734375
83178544,-1698.8214111328125
83178546,229.95877075195312
83178548,1451.9901123046875
83178550,1037.6265869140625
83178552,1130.0386962890625
83178554,845.4708862304688
83178556,-57.628841400146484
83178558,-1969.067138671875
83178560,-2118.439453125
83178562,-1010.78515625
83178564,1152.1697998046875
83178566,1216.5816650390625
83178568,1102.9398193359375
83178570,1011.674072265625
83178572,615.1881103515625
83178574,-1005.4309692382812
83178576,-2251.04296875
83178578,-1737.982666015625
83178580,85.23037719726562
83178582,1463.4586181640625
83178584,996.546142578125
83178586,1197.881591796875
83178588,914.2608032226562
83178590,120.29615783691406
83178592,-1863.404541015625
83178594,-2122.75927734375
83178596,-1148.2528076171875
83178598,1056.4429931640625
83178600,1311.0333251953125
83178602,1047.0472412109375
83178604,1071.288330078125
83178606,696.414306640625
83178608,-827.62646484375
83178610,-2220.48828125
83178612,-1829.983642578125
83178614,-74.81697845458984
83178616,1457.8011474609375
83178618,1038.9183349609375
83178620,1188.6727294921875
83178622,910.244140625
83178624,184.1597442626953
83178626,-1725.9244384765625
83178628,-2164.304931640625
83178630,-1245.1800537109375
83178632,865.03076171875
83178634,1351.34521484375
83178636,1040.4552001953125
83178638,1090.931396484375
83178640,719.18505859375
83178642,-664.9456176757812
83178644,-2230.498779296875
83178646,-1895.9532470703125
83178648,-363.1522521972656
83178650,1116.493408203125
83178652,955.8603515625
83178654,1010.9887084960938
83178656,821.54541015625
83178658,196.59185791015625
83178660,-1693.58349609375
83178662,-2290.349853515625
83178664,-1420.7666015625
83178666,686.0008544921875
83178668,1364.8282470703125
83178670,999.4745483398438
83178672,1050.5654296875
83178674,744.5352172851562
83178676,-475.4898681640625
83178678,-2216.363525390625
83178680,-2016.390625
83178682,-489.54608154296875
83178684,1375.1004638671875
83178686,1110.6033935546875
83178688,1108.2275390625
83178690,927.7022705078125
83178692,443.49786376953125
83178694,-1507.994873046875
83178696,-2251.815673828125
83178698,-1484.031982421875
83178700,639.8820190429688
83178702,1425.942138671875
83178704,1061.1282958984375
83178706,1183.4473876953125
83178708,843.9547729492188
83178710,-320.1570129394531
83178712,-2058.193603515625
83178714,-1991.0321044921875
83178716,-606.8889770507812
83178718,1383.154541015625
83178720,1171.189697265625
83178722,1167.7088623046875
83178724,1007.5037231445312
83178726,528.5828247070312
83178728,-1245.0555419921875
83178730,-2225.223388671875
83178732,-1540.6473388671875
83178734,495.6313171386719
83178736,1468.1148681640625
83178738,1059.96533203125
83178740,1171.762939453125
83178742,875.2780151367188
83178744,-140.4168243408203
83178746,-1981.0299072265625
83178748,-1980.91357421875
83178750,-729.6316528320312
83178752,1299.0830078125
83178754,1262.4388427734375
83178756,1177.0714111328125
83178758,1096.2564697265625
83178760,625.672119140625
83178762,-1070.939453125
83178764,-2168.458740234375
83178766,-1584.52734375
83178768,356.1116943359375
83178770,1516.2774658203125
83178772,1127.5963134765625
83178774,1185.162841796875
83178776,897.2637329101562
83178778,6.994880199432373
83178780,-1864.812744140625
83178782,-2040.424072265625
83178784,-900.250244140625
83178786,1204.87646484375
83178788,1302.74658203125
83178790,1125.5069580078125
83178792,1077.2281494140625
83178794,669.2987670898438
83178796,-932.0179443359375
83178798,-2192.687255859375
83178800,-1705.8328857421875
83178802,144.83224487304688
83178804,1513.9388427734375
83178806,1050.7357177734375
83178808,1208.9056396484375
83178810,933.6919555664062
83178812,110.59719848632812
83178814,-1833.4478759765625
83178816,-2065.803466796875
83178818,-1051.0928955078125
83178820,1085.9385986328125
83178822,1336.1842041015625
83178824,1088.4183349609375
83178826,1049.8758544921875
83178828,694.6946411132812
83178830,-807.02392578125
83178832,-2235.82373046875
83178834,-1777.5137939453125
83178836,-25.611896514892578
83178838,1480.368408203125
83178840,1101.0872802734375
83178842,1166.853271484375
83178844,912.395751953125
83178846,218.63571166992188
83178848,-1738.269287109375
83178850,-2177.841796875
83178852,-1219.74267578125
83178854,985.01123046875
83178856,1383.9229736328125
83178858,1109.8017578125
83178860,1115.3677978515625
83178862,752.3941040039062
83178864,-642.9266967773438
83178866,-2175.449462890625
83178868,-1838.702392578125
83178870,-183.57408142089844
83178872,1444.0357666015625
83178874,1116.3770751953125
83178876,1200.68115234375
83178878,982.0039672851562
83178880,285.73504638671875
83178882,-1618.28466796875
83178884,-2147.13330078125
83178886,-1291.9136962890625
83178888,809.15478515625
83178890,1423.7696533203125
83178892,1091.1348876953125
83178894,1194.0352783203125
83178896,828.4655151367188
83178898,-511.08319091796875
83178900,-2106.887939453125
83178902,-1862.6527099609375
83178904,-371.0360412597656
83178906,1499.741455078125
83178908,1183.1649169921875
83178910,1208.25341796875
83178912,998.2367553710938
83178914,437.7947692871094
83178916,-1442.71484375
83178918,-2168.79931640625
83178920,-1381.8128662109375
83178922,707.7373657226562
83178924,1484.4639892578125
83178926,1109.81005859375
83178928,1150.6702880859375
83178930,866.4264526367188
83178932,-292.6676330566406
83178934,-2062.887451171875
83178936,-1934.719970703125
83178938,-516.7696533203125
83178940,1372.89892578125
83178942,1162.329833984375
83178944,1186.367431640625
83178946,995.2086791992188
83178948,511.0541076660156
83178950,-1262.904052734375
83178952,-2194.6064453125
83178954,-1540.435546875
83178956,506.8837585449219
83178958,1481.0911865234375
83178960,1071.55419921875
83178962,1187.9500732421875
83178964,840.4490356445312
83178966,-211.2960662841797
83178968,-2058.758544921875
83178970,-2020.747802734375
83178972,-754.0223388671875
83178974,1316.271240234375
83178976,1242.7086181640625
83178978,1173.01318359375
83178980,1047.0762939453125
83178982,570.369384765625
83178984,-1139.621337890625
83178986,-2218.64404296875
83178988,-1608.1204833984375
83178990,336.53515625
83178992,1463.7867431640625
83178994,1074.532470703125
83178996,1175.5220947265625
83178998,872.6985473632812
83179000,-117.17671203613281
83179002,-1962.363037109375
83179004,-2066.837646484375
83179006,-875.3901977539062
83179008,1337.7957763671875
83179010,1524.15283203125
83179012,1246.3846435546875
83179014,1202.2803955078125
83179016,759.4388427734375
83179018,-914.9835205078125
83179020,-2119.6689453125
83179022,-1623.123779296875
83179024,253.6641082763672
83179026,1518.57861328125
83179028,1090.38720703125
83179030,1195.2979736328125
83179032,903.7767944335938
83179034,53.732643127441406
83179036,-1863.890625
83179038,-2107.51513671875
83179040,-1071.234375
83179042,1079.5999755859375
83179044,1258.40966796875
83179046,1053.9091796875
83179048,1068.3184814453125
83179050,609.28564453125
83179052,-890.6011352539062
83179054,-2285.39453125
83179056,-1794.5108642578125
83179058,-62.19794464111328
83179060,1431.6534423828125
83179062,1002.299072265625
83179064,1123.16845703125
83179066,856.3577880859375
83179068,85.82020568847656
83179070,-1836.629638671875
83179072,-2197.79638671875
83179074,-1244.05029296875
83179076,901.458984375
83179078,1247.5560302734375
83179080,1036.4012451171875
83179082,979.9976806640625
83179084,601.4309692382812
83179086,-808.8349609375
83179088,-2272.173095703125
83179090,-1922.6866455078125
83179092,-293.8182067871094
83179094,1375.3497314453125
83179096,1014.8557739257812
83179098,1067.62890625
83179100,835.3482055664062
83179102,148.34214782714844
83179104,-1783.3953857421875
83179106,-2298.200439453125
83179108,-1437.6348876953125
83179110,708.9544067382812
83179112,1209.2628173828125
83179114,978.3694458007812
83179116,958.0327758789062
83179118,618.4280395507812
83179120,-718.1341552734375
83179122,-2296.51806640625
83179124,-2071.182373046875
83179126,-503.58984375
83179128,1282.8253173828125
83179130,945.0731201171875
83179132,1008.363525390625
83179134,825.794677734375
83179136,193.1068878173828
83179138,-1642.1229248046875
83179140,-2357.831298828125
83179142,-1564.543701171875
83179144,503.1329345703125
83179146,1273.3548583984375
83179148,843.6681518554688
83179150,920.7115478515625
83179152,626.2162475585938
83179154,-562.0784912109375
83179156,-2232.60888671875
83179158,-2095.5107421875
83179160,-680.1732177734375
83179162,1214.1102294921875
83179164,1001.4517211914062
83179166,1011.3375854492188
83179168,851.2819213867188
83179170,337.98480224609375
83179172,-1467.010009765625
83179174,-2313.099853515625
83179176,-1587.4183349609375
83179178,477.7993469238281
83179180,1350.2154541015625
83179182,923.000244140625
83179184,1018.4736938476562
83179186,742.6328125
83179188,-354.757568359375
83179190,-2184.99462890625
83179192,-2099.473388671875
83179194,-831.8466186523438
83179196,1207.1651611328125
83179198,1082.187744140625
83179200,1050.2039794921875
83179202,933.2640991210938
83179204,432.1498718261719
83179206,-1293.284423828125
83179208,-2285.195068359375
83179210,-1657.400390625
83179212,323.98675537109375
83179214,1457.7471923828125
83179216,1052.5384521484375
83179218,1114.5867919921875
83179220,837.998291015625
83179222,-143.92257690429688
83179224,-2020.5360107421875
83179226,-2078.056884765625
83179228,-871.5396728515625
83179230,1178.6580810546875
83179232,1223.2567138671875
83179234,1087.276123046875
83179236,997.0487670898438
83179238,557.0733032226562
83179240,-1104.1319580078125
83179242,-2241.364990234375
83179244,-1706.7508544921875
83179246,204.63763427734375
83179248,1460.7296142578125
83179250,1064.920654296875
83179252,1121.4820556640625
83179254,850.152099609375
83179256,-14.874505043029785
83179258,-1887.1514892578125
83179260,-2116.79443359375
83179262,-999.536865234375
83179264,1063.8448486328125
83179266,1278.5345458984375
83179268,1052.2061767578125
83179270,1037.9173583984375
83179272,650.266357421875
83179274,-908.748779296875
83179276,-2255.200927734375
83179278,-1769.9083251953125
83179280,15.7218656539917
83179282,1459.2591552734375
83179284,1058.2041015625
83179286,1169.8397216796875
83179288,883.7308959960938
83179290,134.1529998779297
83179292,-1779.1170654296875
83179294,-2069.73681640625
83179296,-1130.5911865234375
83179298,1009.5431518554688
83179300,1326.62646484375
83179302,1059.5042724609375
83179304,1080.1317138671875
83179306,704.60546875
83179308,-754.774169921875
83179310,-2176.678955078125
83179312,-1802.7476806640625
83179314,-147.7606201171875
83179316,1475.0682373046875
83179318,1093.776611328125
83179320,1153.0960693359375
83179322,928.8486938476562
83179324,260.9414367675781
83179326,-1642.588134765625
83179328,-2123.33251953125
83179330,-1238.5091552734375
83179332,830.2391357421875
83179334,1363.764892578125
83179336,1034.7147216796875
83179338,1107.38427734375
83179340,725.008544921875
83179342,-606.1329956054688
83179344,-2196.678955078125
83179346,-1872.6341552734375
83179348,-312.5764465332031
83179350,1431.4873046875
83179352,1084.5220947265625
83179354,1122.0511474609375
83179356,932.5538330078125
83179358,373.6238098144531
83179360,-1504.31884765625
83179362,-2172.442138671875
83179364,-1377.33935546875
83179366,721.0874633789062
83179368,1155.970458984375
83179370,834.5631713867188
83179372,922.0282592773438
83179374,673.3029174804688
83179376,-545.4137573242188
83179378,-2276.8251953125
83179380,-2033.404296875
83179382,-559.789794921875
83179384,1297.168212890625
83179386,1050.3619384765625
83179388,1124.5433349609375
83179390,917.3885498046875
83179392,418.230712890625
83179394,-1448.9495849609375
83179396,-2225.88818359375
83179398,-1510.657470703125
83179400,561.57177734375
83179402,1416.600341796875
83179404,1017.8257446289062
83179406,1184.6727294921875
83179408,830.2598876953125
83179410,-278.75262451171875
83179412,-2087.4775390625
83179414,-1993.8316650390625
83179416,-642.5030517578125
83179418,1310.3480224609375
83179420,1160.6268310546875
83179422,1091.23046875
83179424,970.8760986328125
83179426,490.0403747558594
83179428,-1280.6529541015625
83179430,-2225.56005859375
83179432,-1630.990966796875
83179434,392.398681640625
83179436,1450.1375732421875
83179438,1032.1103515625
83179440,1101.4984130859375
83179442,821.7032470703125
83179444,-121.17259979248047
83179446,-2024.050048828125
83179448,-2053.861328125
83179450,-823.4685668945312
83179452,1237.9111328125
83179454,1181.5989990234375
83179456,1105.822509765625
83179458,998.980224609375
83179460,552.200927734375
83179462,-1138.1883544921875
83179464,-2286.104736328125
83179466,-1709.945068359375
83179468,184.73712158203125
83179470,1409.003173828125
83179472,1016.7166748046875
83179474,1081.5771484375
83179476,792.128662109375
83179478,-87.57723236083984
83179480,-1934.6243896484375
83179482,-2147.34521484375
83179484,-983.48681640625
83179486,1059.8905029296875
83179488,1216.8848876953125
83179490,1011.9025268554688
83179492,959.0670776367188
83179494,541.7875366210938
83179496,-1023.3834228515625
83179498,-2310.146484375
83179500,-1838.42822265625
83179502,-14.978348731994629
83179504,1384.2095947265625
83179506,973.5677490234375
83179508,1075.9197998046875
83179510,826.3803100585938
83179512,20.29927635192871
83179514,-1857.576904296875
83179516,-2187.04248046875
83179518,-1163.9996337890625
83179520,926.8465576171875
83179522,1268.8687744140625
83179524,1043.965087890625
83179526,1024.455078125
83179528,620.3096313476562
83179530,-861.2508544921875
83179532,-2302.669677734375
83179534,-1896.14013671875
83179536,-190.66033935546875
83179538,1393.14013671875
83179540,971.590576171875
83179542,1106.3416748046875
83179544,823.132080078125
83179546,163.24156188964844
83179548,-1738.7054443359375
83179550,-2171.287353515625
83179552,-1283.3321533203125
83179554,854.708740234375
83179556,1304.51611328125
83179558,991.3623046875
83179560,1017.8838500976562
83179562,695.6375122070312
83179564,-665.0744018554688
83179566,-2216.49658203125
83179568,-1899.479736328125
83179570,-321.39898681640625
83179572,1383.416259765625
83179574,1059.7784423828125
83179576,1117.706298828125
83179578,919.8849487304688
83179580,271.3631591796875
83179582,-1624.7520751953125
83179584,-2206.1123046875
83179586,-1392.4132080078125
83179588,717.4944458007812
83179590,1356.3089599609375
83179592,985.1857299804688
83179594,1105.7767333984375
83179596,736.3150024414062
83179598,-507.8598937988281
83179600,-2174.2490234375
83179602,-1918.4332275390625
83179604,-471.5147399902344
83179606,1354.003662109375
83179608,1122.0302734375
83179610,1126.761474609375
83179612,934.6846923828125
83179614,387.17742919921875
83179616,-1405.314697265625
83179618,-2196.982177734375
83179620,-1478.237548828125
83179622,575.3579711914062
83179624,1409.946044921875
83179626,1015.5578002929688
83179628,1058.0421142578125
83179630,786.2594604492188
83179632,-321.9264831542969
83179634,-2093.122314453125
83179636,-1989.47021484375
83179638,-617.6263427734375
83179640,1321.164306640625
83179642,1183.4266357421875
83179644,1144.5933837890625
83179646,942.2777099609375
83179648,496.5534362792969
83179650,-1252.90185546875
83179652,-2170.502197265625
83179654,-1567.862548828125
83179656,447.6474304199219
83179658,1491.1971435546875
83179660,1014.0665893554688
83179662,1169.5531005859375
83179664,864.2291259765625
83179666,-148.81565856933594
83179668,-1930.6202392578125
83179670,-1929.32421875
83179672,-681.5065307617188
83179674,1344.047119140625
83179676,1288.97705078125
83179678,1173.97265625
83179680,1121.65234375
83179682,643.8280639648438
83179684,-1019.1134033203125
83179686,-2097.36328125
83179688,-1564.3526611328125
83179690,364.2820739746094
83179692,1515.0604248046875
83179694,1110.8609619140625
83179696,1225.4290771484375
83179698,963.0255737304688
83179700,35.70545959472656
83179702,-1834.9307861328125
83179704,-1991.285400390625
83179706,-829.5496215820312
83179708,1203.995849609375
83179710,1331.6981201171875
83179712,1185.121337890625
83179714,1127.6502685546875
83179716,724.2110595703125
83179718,-876.9312133789062
83179720,-2086.925048828125
83179722,-1619.2567138671875
83179724,250.9434051513672
83179726,1629.8819580078125
83179728,1409.4683837890625
83179730,1403.6739501953125
83179732,1165.70263671875
83179734,312.5224609375
83179736,-1573.8106689453125
83179738,-1859.5831298828125
83179740,-862.3889770507812
83179742,1247.32763671875
83179744,1496.5263671875
83179746,1277.0474853515625
83179748,1244.1375732421875
83179750,842.83740234375
83179752,-629.8050537109375
83179754,-1964.6309814453125
83179756,-1550.0970458984375
83179758,157.97463989257812
83179760,1616.8558349609375
83179762,1250.9163818359375
83179764,1334.9130859375
83179766,1101.8515625
83179768,361.6901550292969
83179770,-1520.821533203125
83179772,-1965.6029052734375
83179774,-1009.4683837890625
83179776,1021.5516357421875
83179778,1335.432373046875
83179780,1114.1756591796875
83179782,1115.1143798828125
83179784,784.0994873046875
83179786,-603.0550537109375
83179788,-2084.540771484375
83179790,-1761.5093994140625
83179792,-190.73095703125
83179794,1500.8131103515625
83179796,1109.461181640625
83179798,1147.0606689453125
83179800,996.3343505859375
83179802,330.8611755371094
83179804,-1538.4500732421875
83179806,-2083.1494140625
83179808,-1273.7203369140625
83179810,830.4758911132812
83179812,1364.7908935546875
83179814,1016.6170043945312
83179816,1102.279296875
83179818,750.23828125
83179820,-497.43402099609375
83179822,-2133.2099609375
83179824,-1906.6407470703125
83179826,-399.5555419921875
83179828,1386.6229248046875
83179830,1081.79736328125
83179832,1122.1881103515625
83179834,928.8445434570312
83179836,374.3756408691406
83179838,-1413.1195068359375
83179840,-2133.1103515625
83179842,-1419.865234375
83179844,613.4725952148438
83179846,1401.76318359375
83179848,998.33642578125
83179850,1054.3494873046875
83179852,771.8834228515625
83179854,-358.16363525390625
83179856,-2118.032470703125
83179858,-1986.4464111328125
83179860,-572.4296264648438
83179862,1298.48486328125
83179864,1107.429931640625
83179866,1061.236328125
83179868,952.9777221679688
83179870,450.1521301269531
83179872,-1359.166748046875
83179874,-2208.5546875
83179876,-1560.6309814453125
83179878,475.12017822265625
83179880,1373.704833984375
83179882,994.8887939453125
83179884,1009.59716796875
83179886,779.655029296875
83179888,-242.2787322998047
83179890,-2038.24755859375
83179892,-2007.1859130859375
83179894,-786.6083374023438
83179896,1180.0205078125
83179898,1113.469482421875
83179900,1039.981689453125
83179902,917.3345336914062
83179904,475.0495910644531
83179906,-1243.6514892578125
83179908,-2301.76416015625
83179910,-1677.8824462890625
83179912,254.19578552246094
83179914,1373.38916015625
83179916,877.8907470703125
83179918,986.5896606445312
83179920,693.2159423828125
83179922,-227.47898864746094
83179924,-2087.1494140625
83179926,-2237.06982421875
83179928,-1048.8624267578125
83179930,943.0751953125
83179932,969.5552368164062
83179934,848.4116821289062
83179936,748.7305297851562
83179938,314.29608154296875
83179940,-1351.0504150390625
83179942,-2533.26416015625
83179944,-2074.343505859375
83179946,-229.7053985595703
83179948,1008.5795288085938
83179950,578.3984985351562
83179952,645.136474609375
83179954,385.51593017578125
83179956,-494.70086669921875
83179958,-2422.999267578125
83179960,-2677.42333984375
83179962,-1699.951171875
83179964,392.2283630371094
83179966,559.6569213867188
83179968,313.5650329589844
83179970,266.61126708984375
83179972,-94.63026428222656
83179974,-1643.0284423828125
83179976,-3011.520263671875
83179978,-2592.824462890625
83179980,-766.6746215820312
83179982,664.7670288085938
83179984,276.7962341308594
83179986,320.5516052246094
83179988,103.10802459716797
83179990,-582.6145629882812
83179992,-2493.263671875
83179994,-2883.032958984375
83179996,-1936.4271240234375
83179998,222.1788330078125
83180000,595.316650390625
83180002,338.4500427246094
83180004,354.4875793457031
83180006,71.1035385131836
83180008,-1319.2203369140625
83180010,-2855.75537109375
83180012,-2467.248779296875
83180014,-834.5133056640625
83180016,751.451171875
83180018,395.5513610839844
83180020,464.3412780761719
83180022,229.5558624267578
83180024,-417.1507568359375
83180026,-2298.840087890625
83180028,-2783.385009765625
83180030,-1896.5596923828125
83180032,194.4402313232422
83180034,825.3709716796875
83180036,485.3757629394531
83180038,551.3701782226562
83180040,226.41563415527344
83180042,-1058.469970703125
83180044,-2737.939208984375
83180046,-2481.27587890625
83180048,-975.7567749023438
83180050,775.1856079101562
83180052,405.478759765625
83180054,440.3493347167969
83180056,268.42645263671875
83180058,-376.9592590332031
83180060,-2261.954833984375
83180062,-2947.519775390625
83180064,-2122.5224609375
83180066,-72.1585922241211
83180068,531.5693969726562
83180070,72.68611145019531
83180072,105.35104370117188
83180074,-279.5833740234375
83180076,-1585.4619140625
83180078,-3403.96044921875
83180080,-3285.317626953125
83180082,-1906.48291015625
83180084,-55.327674865722656
83180086,-411.8049011230469
83180088,-579.0257568359375
83180090,-557.609130859375
83180092,-1107.8536376953125
83180094,-2961.845947265625
83180096,-3789.45166015625
83180098,-3076.83349609375
83180100,-934.564208984375
83180102,-9.894183158874512
83180104,-464.3454284667969
83180106,-341.93084716796875
83180108,-683.0849609375
83180110,-1774.66015625
83180112,-3627.13623046875
83180114,-3605.35400390625
83180116,-2316.804931640625
83180118,-304.1568298339844
83180120,-416.2493896484375
83180122,-546.0409545898438
83180124,-661.6143188476562
83180126,-1143.201904296875
83180128,-2928.208984375
83180130,-3920.85888671875
83180132,-3351.83544921875
83180134,-1318.15283203125
83180136,-301.7850646972656
83180138,-727.2224731445312
83180140,-597.5430908203125
83180142,-901.7996215820312
83180144,-1857.659912109375
83180146,-3711.58154296875
83180148,-3806.805908203125
83180150,-2611.013671875
83180152,-538.219482421875
83180154,-542.8259887695312
83180156,-680.1856689453125
83180158,-774.6207275390625
83180160,-1192.0247802734375
83180162,-2888.843994140625
83180164,-4070.779541015625
83180166,-3596.136962890625
83180168,-1684.5657958984375
83180170,-380.9177551269531
83180172,-819.15283203125
83180174,-643.0430297851562
83180176,-881.2926025390625
83180178,-1716.38330078125
83180180,-3651.26953125
83180182,-3851.209228515625
83180184,-2794.375732421875
83180186,-661.7431030273438
83180188,-494.7216491699219
83180190,-721.050048828125
83180192,-736.7719116210938
83180194,-1124.5889892578125
83180196,-2667.068115234375
83180198,-4029.362548828125
83180200,-3613.38330078125
83180202,-1761.314208984375
83180204,-332.6805114746094
83180206,-810.8121337890625
83180208,-653.298583984375
83180210,-929.126953125
83180212,-1711.44873046875
83180214,-3703.888916015625
83180216,-4122.638671875
83180218,-3096.69677734375
83180220,-1002.5399780273438
83180222,-673.5147705078125
83180224,-928.8984985351562
83180226,-911.2285766601562
83180228,-1251.36083984375
83180230,-2741.3369140625
83180232,-4235.19677734375
83180234,-3903.32177734375
83180236,-2196.774658203125
83180238,-587.2625732421875
83180240,-987.8565673828125
83180242,-929.1394653320312
83180244,-1194.3551025390625
83180246,-1864.7462158203125
83180248,-3779.482666015625
83180250,-4268.4345703125
83180252,-3382.572998046875
83180254,-1218.0313720703125
83180256,-716.3189697265625
83180258,-1037.6888427734375
83180260,-955.6069946289062
83180262,-1312.8692626953125
83180264,-2630.24951171875
83180266,-4268.1728515625
83180268,-3973.843994140625
83180270,-2386.400634765625
83180272,-750.2216796875
83180274,-1068.45556640625
83180276,-1052.5093994140625
83180278,-1264.403564453125
83180280,-1859.346435546875
83180282,-3781.54296875
83180284,-4489.96142578125
83180286,-3696.9853515625
83180288,-1585.8980712890625
83180290,-951.9766235351562
83180292,-1348.31298828125
83180294,-1307.4569091796875
83180296,-1640.3701171875
83180298,-2847.290283203125
83180300,-4565.0029296875
83180302,-4376.6640625
83180304,-2971.386962890625
83180306,-1137.5611572265625
83180308,-1435.8653564453125
83180310,-1395.86083984375
83180312,-1589.0133056640625
83180314,-2071.788818359375
83180316,-3908.36865234375
83180318,-4712.71337890625
83180320,-4019.41455078125
83180322,-2022.3470458984375
83180324,-1151.422119140625
83180326,-1576.992431640625
83180328,-1487.10986328125
83180330,-1788.5584716796875
83180332,-2851.921630859375
83180334,-4624.36376953125
83180336,-4568.06396484375
83180338,-3196.864013671875
83180340,-1207.7508544921875
83180342,-1264.395263671875
83180344,-1273.263427734375
83180346,-1322.6014404296875
83180348,-1676.0465087890625
83180350,-3371.09619140625
83180352,-4267.40478515625
83180354,-3575.1689453125
83180356,-1484.2105712890625
83180358,-364.39007568359375
83180360,-735.1021118164062
83180362,-491.04144287109375
83180364,-572.81591796875
83180366,-1409.28564453125
83180368,-3165.11279296875
83180370,-3073.560546875
83180372,-1779.1129150390625
83180374,344.96722412109375
83180376,418.60455322265625
83180378,443.4936828613281
83180380,449.8572082519531
83180382,105.26380920410156
83180384,-1511.2056884765625
83180386,-2612.263916015625
83180388,-2130.77587890625
83180390,-287.69561767578125
83180392,801.1173706054688
83180394,235.82383728027344
83180396,270.1170349121094
83180398,-82.68413543701172
83180400,-1059.429443359375
83180402,-2969.513671875
83180404,-3194.654052734375
83180406,-2061.109619140625
83180408,46.32654571533203
83180410,128.20486450195312
83180412,-111.27010345458984
83180414,-217.59312438964844
83180416,-665.3527221679688
83180418,-2252.002685546875
83180420,-3547.451171875
83180422,-3052.168701171875
83180424,-1328.5828857421875
83180426,-9.470502853393555
83180428,-434.9619445800781
83180430,-319.3594970703125
83180432,-571.295654296875
83180434,-1281.1015625
83180436,-3145.9267578125
83180438,-3454.291259765625
83180440,-2432.041748046875
83180442,-313.4237976074219
83180444,-22.986738204956055
83180446,-105.38011932373047
83180448,-9.644959449768066
83180450,-409.6034240722656
83180452,-1853.4439697265625
83180454,-3311.029052734375
83180456,-2871.94677734375
83180458,-1112.1651611328125
83180460,329.5361328125
83180462,-12.319961547851562
83180464,78.87932586669922
83180466,-157.40557861328125
83180468,-845.0305786132812
83180470,-2697.48583984375
83180472,-3161.224853515625
83180474,-2245.8134765625
83180476,-149.5301055908203
83180478,309.43206787109375
83180480,58.6049690246582
83180482,113.38850402832031
83180484,-178.77651977539062
83180486,-1448.438720703125
83180488,-2996.07666015625
83180490,-2618.560791015625
83180492,-1136.3980712890625
83180494,569.17724609375
83180496,223.8984832763672
83180498,262.3827819824219
83180500,90.73406982421875
83180502,-539.0377807617188
83180504,-2375.310302734375
83180506,-2996.625
83180508,-2188.242919921875
83180510,-48.95170211791992
83180512,496.5908203125
83180514,105.58780670166016
83180516,179.1461944580078
83180518,-133.20179748535156
83180520,-1344.85302734375
83180522,-2917.982421875
83180524,-2703.03955078125
83180526,-1254.5467529296875
83180528,530.9754028320312
83180530,224.87460327148438
83180532,253.83441162109375
83180534,42.15620040893555
83180536,-461.969482421875
83180538,-2263.24267578125
83180540,-3005.7216796875
83180542,-2307.8203125
83180544,-262.2498779296875
83180546,480.0423583984375
83180548,88.39967346191406
83180550,212.8163299560547
83180552,-58.613277435302734
83180554,-1127.70849609375
83180556,-2844.087646484375
83180558,-2732.975341796875
83180560,-1351.6942138671875
83180562,495.38623046875
83180564,309.6231384277344
83180566,291.4505920410156
83180568,198.56072998046875
83180570,-262.66522216796875
83180572,-1925.1290283203125
83180574,-2866.102294921875
83180576,-2226.540283203125
83180578,-301.5524597167969
83180580,647.1136474609375
83180582,218.54432678222656
83180584,314.12579345703125
83180586,-13.732229232788086
83180588,-968.853271484375
83180590,-2753.1376953125
83180592,-2791.891845703125
83180594,-1521.5775146484375
83180596,412.6024169921875
83180598,398.18896484375
83180600,247.70350646972656
83180602,226.47378540039062
83180604,-152.94032287597656
83180606,-1721.9576416015625
83180608,-2786.948974609375
83180610,-2155.158447265625
83180612,-253.84686279296875
83180614,844.2994995117188
83180616,431.9338684082031
83180618,465.60400390625
83180620,261.9341735839844
83180622,-613.8838500976562
83180624,-2416.45703125
83180626,-2513.969970703125
83180628,-1464.24365234375
83180630,551.4158935546875
83180632,577.2437744140625
83180634,395.2771911621094
83180636,396.9927062988281
83180638,13.27116584777832
83180640,-1518.271240234375
83180642,-2692.538818359375
83180644,-2135.253662109375
83180646,-320.20269775390625
83180648,1025.024169921875
83180650,622.2868041992188
83180652,697.685302734375
83180654,491.0082092285156
83180656,-245.1697235107422
83180658,-2130.34814453125
83180660,-2380.5107421875
83180662,-1397.8712158203125
83180664,636.2350463867188
83180666,816.8558349609375
83180668,530.9629516601562
83180670,552.2134399414062
83180672,209.18597412109375
83180674,-1223.9129638671875
83180676,-2534.14892578125
83180678,-2147.34521484375
83180680,-484.8731384277344
83180682,958.57275390625
83180684,533.6919555664062
83180686,612.5006713867188
83180688,375.8876037597656
83180690,-341.8270263671875
83180692,-2211.009521484375
83180694,-2640.85400390625
83180696,-1659.7762451171875
83180698,320.9960632324219
83180700,720.11962890625
83180702,431.9255676269531
83180704,494.54718017578125
83180706,173.8169708251953
83180708,-1133.5361328125
83180710,-2637.809326171875
83180712,-2365.3662109375
83180714,-791.53466796875
83180716,799.5555419921875
83180718,446.5217590332031
83180720,502.68017578125
83180722,351.49688720703125
83180724,-272.3849792480469
83180726,-2151.602783203125
83180728,-2689.677001953125
83180730,-1793.9293212890625
83180732,296.19000244140625
83180734,826.8040161132812
83180736,519.095703125
83180738,643.6868286132812
83180740,325.52777099609375
83180742,-864.0380249023438
83180744,-2424.394775390625
83180746,-2196.8369140625
83180748,-706.5161743164062
83180750,1071.24267578125
83180752,723.9992065429688
83180754,773.88134765625
83180756,547.6734008789062
83180758,-44.35352325439453
83180760,-1906.3458251953125
83180762,-2593.376953125
83180764,-1855.45849609375
83180766,246.44493103027344
83180768,987.7817993164062
83180770,646.4656982421875
83180772,826.8164672851562
83180774,548.6328735351562
83180776,-543.39501953125
83180778,-2172.097412109375
83180780,-2037.5704345703125
83180782,-668.6008911132812
83180784,1194.890869140625
83180786,1029.8341064453125
83180788,987.6364135742188
83180790,884.2168579101562
83180792,405.9481201171875
83180794,-1378.6893310546875
83180796,-2195.94384765625
83180798,-1595.3477783203125
83180800,449.72845458984375
83180802,1389.6759033203125
83180804,921.3054809570312
83180806,826.5921630859375
83180808,604.99072265625
83180810,-424.98883056640625
83180812,-2124.1259765625
83180814,-2047.4521484375
83180816,-756.2321166992188
83180818,1226.783203125
83180820,1148.5684814453125
83180822,1078.0589599609375
83180824,943.1832275390625
83180826,577.7837524414062
83180828,-1125.6939697265625
83180830,-2119.083251953125
83180832,-1544.435546875
83180834,331.5340576171875
83180836,1423.6575927734375
83180838,977.2686767578125
83180840,1119.6876220703125
83180842,818.3054809570312
83180844,-97.57941436767578
83180846,-1929.3533935546875
83180848,-2029.769775390625
83180850,-896.1214599609375
83180852,1080.67578125
83180854,1084.2646484375
83180856,892.07568359375
83180858,887.0372314453125
83180860,474.65081787109375
83180862,-1163.34326171875
83180864,-2299.79541015625
83180866,-1827.3502197265625
83180868,-7.937777042388916
83180870,1241.333740234375
83180872,818.6668701171875
83180874,887.5564575195312
83180876,651.520751953125
83180878,-161.65069580078125
83180880,-2024.565185546875
83180882,-2251.553955078125
83180884,-1221.1632080078125
83180886,844.1873779296875
83180888,1021.2899169921875
83180890,803.5680541992188
83180892,801.1754760742188
83180894,398.8161926269531
83180896,-1077.1326904296875
83180898,-2415.493408203125
83180900,-1965.2498779296875
83180902,-260.7919006347656
83180904,1095.82861328125
83180906,745.1998291015625
83180908,822.9742431640625
83180910,605.92529296875
83180912,-120.78630065917969
83180914,-1966.2218017578125
83180916,-2278.187744140625
83180918,-1358.576904296875
83180920,674.7276611328125
83180922,995.7362060546875
83180924,737.419921875
83180926,751.4595336914062
83180928,445.3088684082031
83180930,-931.7355346679688
83180932,-2346.69921875
83180934,-2009.2794189453125
83180936,-407.7425537109375
83180938,1134.744873046875
83180940,791.3934326171875
83180942,803.4932861328125
83180944,599.4703979492188
83180946,0.22014766931533813
83180948,-1862.087890625
83180950,-2359.347412109375
83180952,-1503.5213623046875
83180954,576.791015625
83180956,1052.63818359375
83180958,686.5034790039062
83180960,690.5491943359375
83180962,352.4896240234375
83180964,-877.2136840820312
83180966,-2478.16064453125
83180968,-2204.429931640625
83180970,-757.3245849609375
83180972,892.4869384765625
83180974,601.7715454101562
83180976,618.681396484375
83180978,442.6671142578125
83180980,-134.78021240234375
83180982,-1927.47998046875
83180984,-2589.326904296875
83180986,-1807.5660400390625
83180988,210.36148071289062
83180990,910.0488891601562
83180992,482.8211975097656
83180994,585.3228149414062
83180996,296.7050476074219
83180998,-779.4182739257812
83181000,-2474.297607421875
83181002,-2241.82177734375
83181004,-883.843017578125
83181006,916.4041137695312
83181008,683.36328125
83181010,617.5349731445312
83181012,495.5025329589844
83181014,-52.3785285949707
83181016,-1787.3248291015625
83181018,-2620.371826171875
83181020,-1987.7589111328125
83181022,16.153854370117188
83181024,871.0328979492188
83181026,480.9063415527344
83181028,564.9778442382812
83181030,287.85345458984375
83181032,-717.5152587890625
83181034,-2457.55810546875
83181036,-2392.078857421875
83181038,-1117.2244873046875
83181040,833.1924438476562
83181042,697.7767333984375
83181044,662.0463256835938
83181046,540.6785278320312
83181048,197.61367797851562
83181050,-1467.60400390625
83181052,-2403.086181640625
83181054,-1786.3902587890625
83181056,214.0375213623047
83181058,1325.0687255859375
83181060,896.63232421875
83181062,1039.8736572265625
83181064,797.561767578125
83181066,-152.95277404785156
83181068,-1926.0718994140625
83181070,-1932.589111328125
83181072,-701.3987426757812
83181074,1310.904541015625
83181076,1300.0799560546875
83181078,1188.71435546875
83181080,1137.6275634765625
83181082,662.7109375
83181084,-883.4691772460938
83181086,-2073.5625
83181088,-1553.62353515625
83181090,275.10150146484375
83181092,1461.5478515625
83181094,1008.2638549804688
83181096,1113.3406982421875
83181098,858.2726440429688
83181100,-43.11155700683594
83181102,-1926.6741943359375
83181104,-2111.13720703125
83181106,-1105.9761962890625
83181108,892.316650390625
83181110,1002.0955200195312
83181112,797.603271484375
83181114,701.0166015625
83181116,275.4296569824219
83181118,-1286.3934326171875
83181120,-2622.3076171875
83181122,-2196.01025390625
83181124,-436.98895263671875
83181126,893.2096557617188
83181128,432.793701171875
83181130,479.564697265625
83181132,238.75221252441406
83181134,-536.7573852539062
83181136,-2423.60986328125
83181138,-2801.673828125
83181140,-1901.1412353515625
83181142,174.83877563476562
83181144,429.24224853515625
83181146,113.4425048828125
83181148,69.30497741699219
83181150,-285.4650573730469
83181152,-1691.718505859375
83181154,-3181.6279296875
83181156,-2827.767578125
83181158,-1195.8212890625
83181160,389.5367431640625
83181162,-18.538095474243164
83181164,172.95298767089844
83181166,137.76258850097656
83181168,-672.1980590820312
83181170,-2479.149169921875
83181172,-2983.499267578125
83181174,-2108.58251953125
83181176,-51.04518127441406
83181178,348.4189758300781
83181180,44.44490432739258
83181182,89.60425567626953
83181184,-214.71873474121094
83181186,-1490.702880859375
83181188,-3063.6953125
83181190,-2736.10302734375
83181192,-1220.739501953125
83181194,393.4329528808594
83181196,15.780017852783203
83181198,21.4124755859375
83181200,-209.7716522216797
83181202,-757.9683837890625
83181204,-2684.4931640625
83181206,-3247.842529296875
83181208,-2469.72021484375
83181210,-391.44329833984375
83181212,254.29547119140625
83181214,-56.216575622558594
83181216,52.40345001220703
83181218,-209.7218017578125
83181220,-1294.55126953125
83181222,-2984.64990234375
83181224,-2762.495849609375
83181226,-1246.6214599609375
83181228,599.1422729492188
83181230,479.6394348144531
83181232,590.8846435546875
83181234,477.2593688964844
83181236,-16.515228271484375
83181238,-1792.625
83181240,-2508.487060546875
83181242,-1804.371826171875
83181244,242.39503479003906
83181246,983.3954467773438
83181248,634.5942993164062
83181250,694.6697387695312
83181252,413.0260925292969
83181254,-677.1991577148438
83181256,-2427.9296875
83181258,-2331.978515625
83181260,-999.1879272460938
83181262,916.8568725585938
83181264,798.0643310546875
83181266,766.9487915039062
83181268,691.0435180664062
83181270,204.67916870117188
83181272,-1560.0203857421875
83181274,-2490.73828125
83181276,-1812.94091796875
83181278,159.75244140625
83181280,1177.9769287109375
83181282,752.8634643554688
83181284,895.9469604492188
83181286,638.3451538085938
83181288,-290.7029113769531
83181290,-2075.780517578125
83181292,-2109.716552734375
83181294,-935.0709838867188
83181296,1096.509765625
83181298,1032.72509765625
83181300,950.676513671875
83181302,895.1785278320312
83181304,443.4729309082031
83181306,-1141.9017333984375
83181308,-2259.99853515625
83181310,-1738.464599609375
83181312,171.5116424560547
83181314,1320.960693359375
83181316,871.5687255859375
83181318,993.817138671875
83181320,743.8665161132812
83181322,-131.12908935546875
83181324,-1987.6593017578125
83181326,-2090.430908203125
83181328,-1038.399169921875
83181330,1054.25390625
83181332,1128.7801513671875
83181334,1027.6243896484375
83181336,966.149169921875
83181338,601.061279296875
83181340,-961.8085327148438
83181342,-2177.56787109375
83181344,-1709.4591064453125
83181346,84.85653686523438
83181348,1442.7938232421875
83181350,1048.3680419921875
83181352,1179.2105712890625
83181354,955.503173828125
83181356,208.47984313964844
83181358,-1693.201416015625
83181360,-1975.771240234375
83181362,-961.0359497070312
83181364,1136.4603271484375
83181366,1405.8421630859375
83181368,1127.0396728515625
83181370,1180.65185546875
83181372,808.7352905273438
83181374,-710.8817138671875
83181376,-2175.092041015625
83181378,-1835.466552734375
83181380,-91.93034362792969
83181382,1504.422607421875
83181384,1047.6702880859375
83181386,1125.61083984375
83181388,806.5753173828125
83181390,99.93872833251953
83181392,-1856.5343017578125
83181394,-2408.436279296875
83181396,-1569.395263671875
83181398,450.05242919921875
83181400,756.0203247070312
83181402,296.4558410644531
83181404,237.3108673095703
83181406,-219.9482879638672
83181408,-1653.5872802734375
83181410,-3334.456298828125
83181412,-3136.33984375
83181414,-1544.19873046875
83181416,186.71844482421875
83181418,90.55960845947266
83181420,294.4744873046875
83181422,112.11746978759766
83181424,-387.0445251464844
83181426,-2255.5498046875
83181428,-2868.345458984375
83181430,-2011.6553955078125
83181432,291.6208801269531
83181434,1149.012939453125
83181436,957.5800170898438
83181438,1392.948974609375
83181440,1491.957275390625
83181442,572.201171875
83181444,-1014.2950439453125
83181446,-742.8779296875
83181448,890.7174682617188
83181450,2734.956787109375
83181452,2466.251953125
83181454,2770.1513671875
83181456,3151.974609375
83181458,2547.768798828125
83181460,201.38111877441406
83181462,-392.02899169921875
83181464,-383.66339111328125
83181466,729.3450317382812
83181468,100.52440643310547
83181470,-1636.187255859375
83181472,-2536.865234375
83181474,-3944.34423828125
83181476,-5243.88427734375
83181478,-6894.55126953125
83181480,-6290.04248046875
83181482,-3813.48095703125
83181484,-1003.3375244140625
83181486,-446.8789978027344
83181488,-434.70440673828125
83181490,-2213.962646484375
83181492,-3478.424560546875
83181494,-5750.7763671875
83181496,-6950.27783203125
83181498,-5909.490234375
83181500,-3357.808349609375
83181502,-1690.775634765625
83181504,-942.1987915039062
83181506,-371.5552673339844
83181508,562.232177734375
83181510,822.3511962890625
83181512,-29.03872299194336
83181514,512.2586669921875
83181516,1598.9864501953125
83181518,2365.353759765625
83181520,1209.2918701171875
83181522,263.11383056640625
83181524,144.5207061767578
83181526,-324.6388854980469
83181528,-1898.64892578125
83181530,-2937.978515625
83181532,-1605.7113037109375
83181534,1249.88623046875
83181536,3093.46923828125
83181538,2963.88525390625
83181540,3317.28466796875
83181542,3202.201416015625
83181544,2733.56103515625
83181546,963.7691040039062
83181548,757.8521118164062
83181550,2087.959228515625
83181552,3903.774658203125
83181554,3772.5126953125
83181556,3437.33154296875
83181558,3343.818603515625
83181560,2891.473388671875
83181562,1263.3609619140625
83181564,-20.893259048461914
83181566,455.49798583984375
83181568,2369.690185546875
83181570,3692.52001953125
83181572,3015.2919921875
83181574,2830.862060546875
83181576,2424.195556640625
83181578,1302.750732421875
83181580,-867.763916015625
83181582,-1374.722412109375
83181584,-502.364501953125
83181586,1278.139892578125
83181588,1277.433837890625
83181590,894.5596313476562
83181592,838.4012451171875
83181594,567.9227905273438
83181596,-860.0463256835938
83181598,-2149.2060546875
83181600,-1667.73486328125
83181602,184.32589721679688
83181604,1887.63330078125
83181606,1609.8983154296875
83181608,1817.0198974609375
83181610,1825.8963623046875
83181612,1537.486328125
83181614,-107.3988265991211
83181616,-288.14837646484375
83181618,841.587158203125
83181620,3100.40185546875
83181622,3476.96240234375
83181624,3457.078369140625
83181626,3859.159423828125
83181628,3557.544677734375
83181630,1941.2413330078125
83181632,215.7447052001953
83181634,-101.98651885986328
83181636,801.9397583007812
83181638,1794.178466796875
83181640,1427.3834228515625
83181642,1099.6085205078125
83181644,-194.5856170654297
83181646,-1017.7218627929688
83181648,-2747.970458984375
83181650,-3309.97412109375
83181652,-2880.220947265625
83181654,-900.1173095703125
83181656,-597.127685546875
83181658,-1017.6180419921875
83181660,-643.6909790039062
83181662,-659.8656005859375
83181664,-1378.057861328125
83181666,-2670.582275390625
83181668,-2504.046630859375
83181670,-996.209716796875
83181672,665.431640625
83181674,277.926025390625
83181676,126.044921875
83181678,-231.81549072265625
83181680,-744.7138671875
83181682,-2454.9248046875
83181684,-2882.040283203125
83181686,-1872.3350830078125
83181688,660.289306640625
83181690,1742.3690185546875
83181692,1512.6761474609375
83181694,1823.026123046875
83181696,1903.0352783203125
83181698,1093.40283203125
83181700,-164.79090881347656
83181702,435.7095947265625
83181704,2247.37939453125
83181706,4326.765625
83181708,4175.578125
83181710,4163.1044921875
83181712,3923.70849609375
83181714,3452.808349609375
83181716,1688.661376953125
83181718,537.8248901367188
83181720,941.28076171875
83181722,2739.401123046875
83181724,3301.28857421875
83181726,2466.738037109375
83181728,2060.004638671875
83181730,1223.99609375
83181732,-152.89878845214844
83181734,-2140.661865234375
83181736,-2293.431884765625
83181738,-1056.7794189453125
83181740,822.1351928710938
83181742,612.02294921875
83181744,481.46710205078125
83181746,372.2489318847656
83181748,-13.553619384765625
83181750,-1800.5711669921875
83181752,-2931.73974609375
83181754,-2392.3779296875
83181756,-475.39849853515625
83181758,625.377197265625
83181760,226.4821014404297
83181762,527.4987182617188
83181764,417.4955139160156
83181766,-391.26885986328125
83181768,-2035.8798828125
83181770,-2005.798583984375
83181772,-607.740478515625
83181774,1540.522705078125
83181776,1322.2276611328125
83181778,1156.331787109375
83181780,1354.273681640625
83181782,933.6337890625
83181784,-683.0226440429688
83181786,-1864.002685546875
83181788,-1430.24951171875
83181790,409.10498046875
83181792,1607.2066650390625
83181794,1044.6878662109375
83181796,1123.845458984375
83181798,824.5277709960938
83181800,-50.118900299072266
83181802,-1902.46630859375
83181804,-2107.731201171875
83181806,-1222.5921630859375
83181808,723.5879516601562
83181810,896.00927734375
83181812,663.2343139648438
83181814,684.1151123046875
83181816,425.5661926269531
83181818,-916.0302734375
83181820,-2087.0205078125
83181822,-1438.9515380859375
83181824,636.1062622070312
83181826,2234.261962890625
83181828,2113.371826171875
83181830,2389.79833984375
83181832,2370.04736328125
83181834,1905.560791015625
83181836,236.26828002929688
83181838,132.54135131835938
83181840,1426.1995849609375
83181842,3857.39404296875
83181844,4526.23193359375
83181846,4583.61572265625
83181848,4968.9443359375
83181850,5078.7275390625
83181852,3975.4970703125
83181854,2759.4677734375
83181856,3391.104736328125
83181858,5661.1259765625
83181860,7703.12451171875
83181862,7681.6455078125
83181864,8176.42138671875
83181866,8449.2216796875
83181868,8314.541015625
83181870,7145.2080078125
83181872,7128.08203125
83181874,8129.77880859375
83181876,3.4028234663852886e+38
83181878,3.4028234663852886e+38
83181880,9618.9697265625
83181882,8613.5888671875
83181884,8003.01953125
83181886,5236.7685546875
83181888,-2405.90234375
83181890,-6079.61865234375
83181892,-4532.80322265625
83181894,-3486.229248046875
83181896,-2847.825927734375
83181898,-1588.3363037109375
83181900,-1612.5234375
83181902,-2971.362060546875
83181904,-4487.04541015625
83181906,-5163.580078125
83181908,-4973.0732421875
83181910,-2651.275634765625
83181912,-1042.96826171875
83181914,-809.1714477539062
83181916,58.496971130371094
83181918,89.3218002319336
83181920,-488.1961364746094
83181922,-1756.0057373046875
83181924,-1600.5440673828125
83181926,854.1064453125
83181928,3597.7236328125
83181930,4334.109375
83181932,5847.6328125
83181934,6713.79736328125
83181936,7411.09228515625
83181938,8609.974609375
83181940,3.4028234663852886e+38
83181942,3.4028234663852886e+38
83181944,3.4028234663852886e+38
83181946,3.4028234663852886e+38
83181948,3.4028234663852886e+38
83181950,3.4028234663852886e+38
83181952,3.4028234663852886e+38
83181954,3.4028234663852886e+38
83181956,3.4028234663852886e+38
83181958,3.4028234663852886e+38
83181960,3.4028234663852886e+38
83181962,3.4028234663852886e+38
83181964,3.4028234663852886e+38
83181966,3.4028234663852886e+38
83181968,3.4028234663852886e+38
83181970,3.4028234663852886e+38
83181972,3.4028234663852886e+38
83181974,3.4028234663852886e+38
83181976,3.4028234663852886e+38
83181978,9538.37109375
83181980,5955.7333984375
83181982,203.32505798339844
83181984,625.1487426757812
83181986,133.1893310546875
83181988,-5296.345703125
83181990,3.4028234663852886e+38
83181992,-10643.4453125
83181994,-7559.2353515625
83181996,-3133.03759765625
83181998,-1295.1661376953125
83182000,-2963.577880859375
83182002,-5887.37548828125
83182004,3.4028234663852886e+38
83182006,3.4028234663852886e+38
83182008,3.4028234663852886e+38
83182010,3.4028234663852886e+38
83182012,3.4028234663852886e+38
83182014,3.4028234663852886e+38
83182016,3.4028234663852886e+38
83182018,3.4028234663852886e+38
83182020,3.4028234663852886e+38
83182022,3.4028234663852886e+38
83182024,3.4028234663852886e+38
83182026,3.4028234663852886e+38
83182028,-9835.0341796875
83182030,-9528.173828125
83182032,3.4028234663852886e+38
83182034,3.4028234663852886e+38
83182036,3.4028234663852886e+38
83182038,3.4028234663852886e+38
83182040,3.4028234663852886e+38
83182042,3.4028234663852886e+38
83182044,3.4028234663852886e+38
83182046,3.4028234663852886e+38
83182048,3.4028234663852886e+38
83182050,3.4028234663852886e+38
83182052,3.4028234663852886e+38
83182054,-9728.3583984375
83182056,3.4028234663852886e+38
83182058,3.4028234663852886e+38
83182060,-9815.1630859375
83182062,-8914.697265625
83182064,-6201.1318359375
83182066,-5421.6181640625
83182068,-5054.78955078125
83182070,-4530.11572265625
83182072,-4459.77197265625
83182074,-5579.9912109375
83182076,-6746.96923828125
83182078,-6359.21435546875
83182080,-4684.6591796875
83182082,-3326.02001953125
83182084,-3693.03515625
83182086,-3719.722900390625
83182088,-3933.54443359375
83182090,-4640.2890625
83182092,-6454.6630859375
83182094,-6683.8701171875
83182096,-5484.83349609375
83182098,-2813.649169921875
83182100,-1846.1251220703125
83182102,-1536.0242919921875
83182104,-1029.896484375
83182106,-897.9241333007812
83182108,-1855.9403076171875
83182110,-3007.1298828125
83182112,-2418.247314453125
83182114,-564.5624389648438
83182116,1380.0474853515625
83182118,1248.7606201171875
83182120,1567.854248046875
83182122,1587.3560791015625
83182124,1167.3724365234375
83182126,-500.2087097167969
83182128,-918.2732543945312
83182130,-3.817277431488037
83182132,2130.252685546875
83182134,2749.6982421875
83182136,2451.08251953125
83182138,2618.4736328125
83182140,2307.69580078125
83182142,1151.978759765625
83182144,-358.9777526855469
83182146,-33.516441345214844
83182148,1361.6839599609375
83182150,3066.009033203125
83182152,2634.23291015625
83182154,2540.24658203125
83182156,2316.123779296875
83182158,1650.5882568359375
83182160,-238.68161010742188
83182162,-1103.4091796875
83182164,-589.4931030273438
83182166,1249.57470703125
83182168,1873.950927734375
83182170,1342.3731689453125
83182172,1300.7486572265625
83182174,919.8143310546875
83182176,-258.24151611328125
83182178,-2069.674560546875
83182180,-2011.2607421875
83182182,-740.5891723632812
83182184,1016.533935546875
83182186,774.5542602539062
83182188,646.1126098632812
83182190,470.1232604980469
83182192,-108.82771301269531
83182194,-1995.160888671875
83182196,-2960.263427734375
83182198,-2351.110595703125
83182200,-467.3942565917969
83182202,354.07220458984375
83182204,-170.68505859375
83182206,-193.80470275878906
83182208,-644.5508422851562
83182210,-1828.114501953125
83182212,-3757.093994140625
83182214,-3886.212646484375
83182216,-2778.29248046875
83182218,-845.1967163085938
83182220,-1001.05712890625
83182222,-1104.5306396484375
83182224,-1166.5001220703125
83182226,-1572.037109375
83182228,-3126.042724609375
83182230,-4106.38525390625
83182232,-3476.47216796875
83182234,-1594.006103515625
83182236,-560.2135009765625
83182238,-912.3126831054688
83182240,-445.80731201171875
83182242,-657.6101684570312
83182244,-1547.6090087890625
83182246,-3114.30859375
83182248,-3138.29638671875
83182250,-1943.883056640625
83182252,55.97150421142578
83182254,100.03011322021484
83182256,-129.31390380859375
83182258,-218.39894104003906
83182260,-599.9231567382812
83182262,-2138.343994140625
83182264,-3347.49462890625
83182266,-2779.148193359375
83182268,-1031.21728515625
83182270,162.9425048828125
83182272,-246.90184020996094
83182274,-86.03620147705078
83182276,-294.69049072265625
83182278,-1059.134521484375
83182280,-2845.24658203125
83182282,-3076.326904296875
83182284,-2068.623779296875
83182286,-37.87785720825195
83182288,155.47824096679688
83182290,-118.43528747558594
83182292,-172.82421875
83182294,-536.9235229492188
83182296,-2028.0792236328125
83182298,-3349.712890625
83182300,-2957.974609375
83182302,-1276.877197265625
83182304,197.65521240234375
83182306,-260.1730041503906
83182308,-187.53257751464844
83182310,-418.2016296386719
83182312,-1105.9345703125
83182314,-3000.81201171875
83182316,-3446.681640625
83182318,-2502.84619140625
83182320,-497.8576965332031
83182322,-145.9412841796875
83182324,-428.8310241699219
83182326,-424.7229919433594
83182328,-717.1538696289062
83182330,-2049.267333984375
83182332,-3543.9951171875
83182334,-3206.724853515625
83182336,-1672.885498046875
83182338,-64.14189147949219
83182340,-440.6608581542969
83182342,-379.87518310546875
83182344,-583.3206787109375
83182346,-1160.7513427734375
83182348,-3003.316650390625
83182350,-3525.095703125
83182352,-2720.900390625
83182354,-674.0547485351562
83182356,-119.05419158935547
83182358,-468.0380859375
83182360,-355.0400390625
83182362,-650.1791381835938
83182364,-1831.728271484375
83182366,-3402.06640625
83182368,-3119.550537109375
83182370,-1634.7957763671875
83182372,104.34999084472656
83182374,-124.3501968383789
83182376,-125.96600341796875
83182378,-261.1865234375
83182380,-850.14794921875
83182382,-2593.808837890625
83182384,-3291.2822265625
83182386,-2563.536376953125
83182388,-560.3007202148438
83182390,214.6439666748047
83182392,-168.37557983398438
83182394,-20.0458984375
83182396,-294.0591125488281
83182398,-1418.0167236328125
83182400,-3002.56494140625
83182402,-2849.1220703125
83182404,-1515.9825439453125
83182406,352.6516418457031
83182408,141.7501678466797
83182410,181.8419647216797
83182412,9.009439468383789
83182414,-418.60040283203125
83182416,-2176.500244140625
83182418,-2974.8720703125
83182420,-2373.262451171875
83182422,-363.85009765625
83182424,540.4251098632812
83182426,129.05221557617188
83182428,273.13262939453125
83182430,3.754971504211426
83182432,-1036.34716796875
83182434,-2803.2939453125
83182436,-2752.863525390625
83182438,-1514.2794189453125
83182440,381.15869140625
83182442,301.3406066894531
83182444,241.68060302734375
83182446,197.70506286621094
83182448,-265.1283874511719
83182450,-1939.6920166015625
83182452,-2934.54345703125
83182454,-2363.775390625
83182456,-424.1289978027344
83182458,613.1486206054688
83182460,183.25424194335938
83182462,320.20269775390625
83182464,39.099056243896484
83182466,-868.4991455078125
83182468,-2708.692626953125
83182470,-2757.660888671875
83182472,-1587.3768310546875
83182474,399.2232360839844
83182476,422.6212158203125
83182478,308.67608642578125
83182480,221.89222717285156
83182482,-174.14926147460938
83182484,-1800.9864501953125
83182486,-2916.445556640625
83182488,-2450.41796875
83182490,-621.1736450195312
83182492,622.5152587890625
83182494,138.78855895996094
83182496,320.4851379394531
83182498,86.16496276855469
83182500,-790.2470092773438
83182502,-2613.80078125
83182504,-2771.584228515625
83182506,-1740.4583740234375
83182508,314.97314453125
83182510,502.3188171386719
83182512,304.4434509277344
83182514,274.50335693359375
83182516,-74.02361297607422
83182518,-1531.6046142578125
83182520,-2832.091796875
83182522,-2434.912109375
83182524,-665.0951538085938
83182526,720.8132934570312
83182528,329.8767395019531
83182530,414.4466552734375
83182532,175.21676635742188
83182534,-532.7490234375
83182536,-2342.113525390625
83182538,-2698.947998046875
83182540,-1756.08056640625
83182542,290.11724853515625
83182544,646.3950805664062
83182546,403.2108154296875
83182548,443.9921569824219
83182550,104.49121856689453
83182552,-1285.8160400390625
83182554,-2696.3935546875
83182556,-2318.188232421875
83182558,-725.32421875
83182560,847.6307983398438
83182562,493.8078308105469
83182564,624.4176635742188
83182566,361.1626281738281
83182568,-265.4067077636719
83182570,-2123.540283203125
83182572,-2575.5283203125
83182574,-1736.8487548828125
83182576,340.23199462890625
83182578,838.4385986328125
83182580,528.9276123046875
83182582,577.9042358398438
83182584,232.92868041992188
83182586,-1014.43212890625
83182588,-2525.77490234375
83182590,-2247.6162109375
83182592,-723.9285888671875
83182594,981.8378295898438
83182596,665.174072265625
83182598,748.7305297851562
83182600,583.74853515625
83182602,116.58272552490234
83182604,-1500.642822265625
83182606,-2238.96826171875
83182608,-1405.003173828125
83182610,601.36865234375
83182612,1295.373779296875
83182614,919.8184814453125
83182616,994.406982421875
83182618,709.7269897460938
83182620,-496.21697998046875
83182622,-2147.158203125
83182624,-2034.2432861328125
83182626,-595.7652587890625
83182628,1132.933837890625
83182630,881.9572143554688
83182632,833.6825561523438
83182634,687.6914672851562
83182636,116.76964569091797
83182638,-1663.6434326171875
83182640,-2469.599853515625
83182642,-1773.8834228515625
83182644,227.29623413085938
83182646,1060.8916015625
83182648,670.4991455078125
83182650,811.9876708984375
83182652,514.4892578125
83182654,-529.060546875
83182656,-2267.134521484375
83182658,-2156.47509765625
83182660,-794.6167602539062
83182662,1089.6063232421875
83182664,931.1705932617188
83182666,890.4308471679688
83182668,783.0901489257812
83182670,342.7325134277344
83182672,-1326.4561767578125
83182674,-2321.9140625
83182676,-1655.913330078125
83182678,238.86021423339844
83182680,1301.69580078125
83182682,815.9087524414062
83182684,913.8121948242188
83182686,640.3015747070312
83182688,-268.3683166503906
83182690,-2106.1318359375
83182692,-2169.28515625
83182694,-1014.3988647460938
83182696,984.8035888671875
83182698,969.821044921875
83182700,807.5182495117188
83182702,687.645751953125
83182704,265.5603942871094
83182706,-1366.2821044921875
83182708,-2457.62060546875
83182710,-1937.3201904296875
83182712,-48.54048156738281
83182714,1109.9803466796875
83182716,672.8792724609375
83182718,757.154296875
83182720,490.42669677734375
83182722,-350.3047790527344
83182724,-2194.12451171875
83182726,-2362.52490234375
83182728,-1316.4996337890625
83182730,704.061279296875
83182732,848.8561401367188
83182734,633.3233032226562
83182736,566.0453491210938
83182738,233.99620056152344
83182740,-1341.006591796875
83182742,-2542.481201171875
83182744,-2102.94189453125
83182746,-313.2452087402344
83182748,1021.9212646484375
83182750,569.78369140625
83182752,695.2470703125
83182754,421.3086242675781
83182756,-334.4499816894531
83182758,-2172.566650390625
83182760,-2459.996337890625
83182762,-1497.8514404296875
83182764,550.36083984375
83182766,830.1103515625
83182768,606.4611206054688
83182770,543.5528564453125
83182772,221.34808349609375
83182774,-1262.4222412109375
83182776,-2603.32080078125
83182778,-2208.30126953125
83182780,-562.1532592773438
83182782,962.5645141601562
83182784,535.7272338867188
83182786,650.4241943359375
83182788,433.96087646484375
83182790,-217.3812713623047
83182792,-2058.160400390625
83182794,-2525.455078125
83182796,-1651.1614990234375
83182798,464.6486511230469
83182800,824.7271118164062
83182802,529.8995971679688
83182804,557.94140625
83182806,192.45059204101562
83182808,-1160.560302734375
83182810,-2673.58544921875
83182812,-2375.07763671875
83182814,-850.2518310546875
83182816,776.0994262695312
83182818,459.14080810546875
83182820,404.257568359375
83182822,131.93075561523438
83182824,-528.18408203125
83182826,-2425.63671875
83182828,-3011.200439453125
83182830,-2328.580810546875
83182832,-330.7199401855469
83182834,229.4727783203125
83182836,-161.90406799316406
83182838,-190.10789489746094
83182840,-554.888427734375
83182842,-1880.04443359375
83182844,-3561.00048828125
83182846,-3386.793212890625
83182848,-1984.8388671875
83182850,-265.5520935058594
83182852,-539.6608276367188
83182854,-569.6632080078125
83182856,-758.4710083007812
83182858,-1324.603515625
83182860,-3120.115478515625
83182862,-3870.744140625
83182864,-3123.59619140625
83182866,-1033.306640625
83182868,-229.9296875
83182870,-582.4733276367188
83182872,-490.87945556640625
83182874,-799.127685546875
83182876,-1866.150146484375
83182878,-3608.72705078125
83182880,-3455.446044921875
83182882,-2096.69873046875
83182884,-216.37608337402344
83182886,-365.0422058105469
83182888,-362.0058288574219
83182890,-428.1539611816406
83182892,-925.16845703125
83182894,-2605.609619140625
83182896,-3450.798095703125
83182898,-2787.031982421875
83182900,-772.39013671875
83182902,270.39117431640625
83182904,-131.78121948242188
83182906,27.111392974853516
83182908,-208.5670623779297
83182910,-1184.7142333984375
83182912,-2977.21875
83182914,-2937.060546875
83182916,-1735.2080078125
83182918,279.4587707519531
83182920,272.97479248046875
83182922,233.4769744873047
83182924,149.08981323242188
83182926,-259.2550354003906
83182928,-1927.2225341796875
83182930,-2964.255126953125
83182932,-2371.928955078125
83182934,-383.4266052246094
83182936,747.750244140625
83182938,349.8935546875
83182940,483.236572265625
83182942,217.88803100585938
83182944,-640.4552612304688
83182946,-2515.556640625
83182948,-2652.91650390625
83182950,-1462.5157470703125
83182952,612.583740234375
83182954,653.929931640625
83182956,531.2869262695312
83182958,483.7890319824219
83182960,61.587345123291016
83182962,-1731.9266357421875
83182964,-2958.830322265625
83182966,-2383.78369140625
83182968,-544.6370239257812
83182970,815.1278686523438
83182972,382.75372314453125
83182974,506.5805358886719
83182976,292.2854919433594
83182978,-496.6988220214844
83182980,-2381.55322265625
83182982,-2593.875244140625
83182984,-1532.896484375
83182986,550.5768432617188
83182988,780.3569946289062
83182990,570.2572021484375
83182992,564.2550659179688
83182994,165.48873901367188
83182996,-1303.519287109375
83182998,-2641.759521484375
83183000,-2257.888427734375
83183002,-520.2006225585938
83183004,960.8781127929688
83183006,520.9732055664062
83183008,610.5899047851562
83183010,388.776611328125
83183012,-324.31903076171875
83183014,-2185.21484375
83183016,-2627.632568359375
83183018,-1603.6552734375
83183020,416.3116760253906
83183022,805.4205932617188
83183024,538.6722412109375
83183026,589.0860595703125
83183028,202.05816650390625
83183030,-1158.7451171875
83183032,-2639.736572265625
83183034,-2341.332763671875
83183036,-710.8568115234375
83183038,957.9039916992188
83183040,601.8297119140625
83183042,611.1340942382812
83183044,408.58160400390625
83183046,-240.3347930908203
83183048,-2127.336669921875
83183050,-2669.46484375
83183052,-1820.3470458984375
83183054,260.7669677734375
83183056,813.6159057617188
83183058,513.1226806640625
83183060,565.5884399414062
83183062,220.37611389160156
83183064,-1031.736572265625
83183066,-2641.501953125
83183068,-2379.9375
83183070,-915.403076171875
83183072,873.6206665039062
83183074,565.3848876953125
83183076,569.6383056640625
83183078,439.8924255371094
83183080,-123.66068267822266
83183082,-1987.031982421875
83183084,-2638.918212890625
83183086,-1879.9571533203125
83183088,161.4388427734375
83183090,881.8865966796875
83183092,504.54522705078125
83183094,568.2177124023438
83183096,286.65301513671875
83183098,-877.0599975585938
83183100,-2543.08349609375
83183102,-2420.909912109375
83183104,-1028.164306640625
83183106,816.411376953125
83183108,646.7979736328125
83183110,612.7498779296875
83183112,484.9479064941406
83183114,-25.74896812438965
83183116,-1752.75341796875
83183118,-2628.60888671875
83183120,-1956.7098388671875
83183122,61.48765563964844
83183124,985.7797241210938
83183126,569.2935180664062
83183128,665.78466796875
83183130,383.318603515625
83183132,-602.0332641601562
83183134,-2429.449951171875
83183136,-2389.889892578125
83183138,-1073.614501953125
83183140,908.5369262695312
83183142,793.1878662109375
83183144,716.3480224609375
83183146,661.8967895507812
83183148,230.80613708496094
83183150,-1469.78466796875
83183152,-2497.32177734375
83183154,-1920.6470947265625
83183156,35.95052719116211
83183158,1114.6533203125
83183160,703.7373046875
83183162,828.4281005859375
83183164,571.3953247070312
83183166,-308.4060974121094
83183168,-2145.966064453125
83183170,-2177.01123046875
83183172,-1016.9866333007812
83183174,1100.8297119140625
83183176,1159.1812744140625
83183178,1013.5723266601562
83183180,973.6840209960938
83183182,667.3589477539062
83183184,-902.6178588867188
83183186,-1953.9559326171875
83183188,-1445.42724609375
83183190,410.8993835449219
83183192,1657.699462890625
83183194,1193.9189453125
83183196,1285.8699951171875
83183198,1017.0198974609375
83183200,235.7781524658203
83183202,-1685.7828369140625
83183204,-1862.49072265625
83183206,-787.7298583984375
83183208,1345.0648193359375
83183210,1475.3465576171875
83183212,1367.30810546875
83183214,1333.9619140625
83183216,1031.5994873046875
83183218,-454.2518615722656
83183220,-1746.6307373046875
83183222,-1235.917236328125
83183224,541.4967651367188
83183226,2028.4073486328125
83183228,1696.275146484375
83183230,1895.0892333984375
83183232,1753.8209228515625
83183234,1105.7227783203125
83183236,-662.461669921875
83183238,-853.78662109375
83183240,190.32803344726562
83183242,2347.255859375
83183244,2641.514404296875
83183246,2243.176025390625
83183248,2194.523193359375
83183250,1728.732421875
83183252,202.4403076171875
83183254,-1363.2872314453125
83183256,-1055.986083984375
83183258,541.3264770507812
83183260,2080.893798828125
83183262,1605.9398193359375
83183264,1672.254150390625
83183266,1387.150390625
83183268,684.8212280273438
83183270,-1222.6295166015625
83183272,-1744.7906494140625
83183274,-936.4417114257812
83183276,1099.4090576171875
83183278,1584.19921875
83183280,1316.665771484375
83183282,1369.5968017578125
83183284,1032.2640380859375
83183286,-182.6934814453125
83183288,-1816.3594970703125
83183290,-1497.984375
83183292,93.63336944580078
83183294,1777.8087158203125
83183296,1424.18505859375
83183298,1453.5352783203125
83183300,1284.42041015625
83183302,715.542236328125
83183304,-1140.3275146484375
83183306,-1829.634765625
83183308,-1052.8582763671875
83183310,1011.2005004882812
83183312,1697.832763671875
83183314,1258.397216796875
83183316,1355.6651611328125
83183318,1057.3775634765625
83183320,-53.17189025878906
83183322,-1547.8707275390625
83183324,-1452.962158203125
83183326,-2.6916167736053467
83183328,1730.7386474609375
83183330,1541.162353515625
83183332,1519.9202880859375
83183334,1357.35986328125
83183336,837.350341796875
83183338,-916.8236083984375
83183340,-1782.3446044921875
83183342,-1073.693359375
83183344,972.4794311523438
83183346,1807.798583984375
83183348,1449.406494140625
83183350,1575.173095703125
83183352,1289.55029296875
83183354,303.8868408203125
83183356,-1460.7337646484375
83183358,-1374.992431640625
83183360,-103.80169677734375
83183362,1801.08203125
83183364,1707.9013671875
83183366,1631.1654052734375
83183368,1504.72998046875
83183370,1118.07177734375
83183372,-642.7232055664062
83183374,-1550.7117919921875
83183376,-924.3211059570312
83183378,1105.31982421875
83183380,2183.457763671875
83183382,1843.0928955078125
83183384,1999.8753662109375
83183386,1847.9984130859375
83183388,918.177734375
83183390,-897.3966674804688
83183392,-886.3975830078125
83183394,346.7159423828125
83183396,2408.274169921875
83183398,2408.182861328125
83183400,2236.6005859375
83183402,2111.133056640625
83183404,1688.5367431640625
83183406,-17.07598114013672
83183408,-1172.4940185546875
83183410,-574.8013916015625
83183412,1302.8338623046875
83183414,2488.6240234375
83183416,2082.679931640625
83183418,2196.637451171875
83183420,1942.69091796875
83183422,1114.1590576171875
83183424,-749.0794067382812
83183426,-990.2158813476562
83183428,110.97103881835938
83183430,2132.0595703125
83183432,2258.233154296875
83183434,2127.39892578125
83183436,2069.197021484375
83183438,1542.337890625
83183440,-133.7043914794922
83183442,-1528.8465576171875
83183444,-1214.313720703125
83183446,478.1607360839844
83183448,1697.242919921875
83183450,1210.94091796875
83183452,1247.635009765625
83183454,960.8448486328125
83183456,135.5528106689453
83183458,-1805.4642333984375
83183460,-2117.03955078125
83183462,-1120.2733154296875
83183464,925.8164672851562
83183466,1191.522216796875
83183468,883.2781372070312
83183470,838.55078125
83183472,486.33941650390625
83183474,-950.7139282226562
83183476,-2411.738525390625
83183478,-1991.25634765625
83183480,-326.0179138183594
83183482,1229.23388671875
83183484,872.9727172851562
83183486,928.4042358398438
83183488,771.2229614257812
83183490,110.23167419433594
83183492,-1798.2491455078125
83183494,-2258.681884765625
83183496,-1328.736572265625
83183498,821.6492309570312
83183500,1243.78857421875
83183502,991.9521484375
83183504,1023.1217041015625
83183506,713.731201171875
83183508,-709.0042114257812
83183510,-2288.866943359375
83183512,-2055.585205078125
83183514,-435.61407470703125
83183516,1254.40966796875
83183518,862.272705078125
83183520,912.370849609375
83183522,744.9090576171875
83183524,113.73326873779297
83183526,-1817.6180419921875
83183528,-2450.268310546875
83183530,-1607.7550048828125
83183532,527.4779663085938
83183534,1116.8839111328125
83183536,744.0326538085938
83183538,778.4794921875
83183540,428.2868957519531
83183542,-777.3206176757812
83183544,-2429.640869140625
83183546,-2240.8291015625
83183548,-674.3164672851562
83183550,1136.6805419921875
83183552,955.3286743164062
83183554,1009.5888671875
83183556,893.8369140625
83183558,357.10443115234375
83183560,-1474.0880126953125
83183562,-2225.526611328125
83183564,-1434.777099609375
83183566,748.041015625
83183568,1625.4622802734375
83183570,1344.6951904296875
83183572,1530.2838134765625
83183574,1308.0301513671875
83183576,233.60159301757812
83183578,-1586.658203125
83183580,-1504.5555419921875
83183582,-205.7799072265625
83183584,1738.294189453125
83183586,1556.543701171875
83183588,1498.4329833984375
83183590,1315.15380859375
83183592,816.7935180664062
83183594,-1041.6431884765625
83183596,-1976.2822265625
83183598,-1378.56884765625
83183600,680.8627319335938
83183602,1653.479248046875
83183604,1206.683349609375
83183606,1301.6915283203125
83183608,927.3367309570312
83183610,-98.75076293945312
83183612,-2023.410400390625
83183614,-2069.068115234375
83183616,-851.5228271484375
83183618,1142.989990234375
83183620,1095.296875
83183622,971.1295166015625
83183624,875.955078125
83183626,424.84759521484375
83183628,-1405.99169921875
83183630,-2506.223388671875
83183632,-1925.66064453125
83183634,36.58189392089844
83183636,1242.6256103515625
83183638,772.1284790039062
83183640,914.7841796875
83183642,625.3896484375
83183644,-317.6730651855469
83183646,-2292.38525390625
83183648,-2393.91064453125
83183650,-1234.4635009765625
83183652,926.950439453125
83183654,972.9737548828125
83183656,769.0755004882812
83183658,715.297119140625
83183660,343.6961975097656
83183662,-1301.5877685546875
83183664,-2546.078369140625
83183666,-2025.8984375
83183668,-68.65699768066406
83183670,1283.9052734375
83183672,896.2294311523438
83183674,1032.7333984375
83183676,800.5275268554688
83183678,-31.5808048248291
83183680,-2076.204345703125
83183682,-2542.14892578125
83183684,-1332.0262451171875
83183686,781.146240234375
83183688,1100.709228515625
83183690,892.9978637695312
83183692,924.7987670898438
83183694,580.9323120117188
83183696,-977.106689453125
83183698,-2383.70068359375
83183700,-1960.838623046875
83183702,-155.34532165527344
83183704,1430.6483154296875
83183706,994.398681640625
83183708,1120.8963623046875
83183710,895.3322143554688
83183712,160.4627227783203
83183714,-1801.5223388671875
83183716,-2222.880859375
83183718,-1278.91259765625
83183720,963.5614013671875
83183722,1329.1893310546875
83183724,1028.9285888671875
83183726,1008.5130615234375
83183728,680.3933715820312
83183730,-758.5499267578125
83183732,-2287.28857421875
83183734,-1955.34326171875
83183736,-225.77597045898438
83183738,1435.0927734375
83183740,1053.4232177734375
83183742,1103.068603515625
83183744,912.2877807617188
83183746,283.16387939453125
83183748,-1659.7222900390625
83183750,-2234.357666015625
83183752,-1402.623046875
83183754,799.4683227539062
83183756,1417.8963623046875
83183758,1016.3968505859375
83183760,1105.6812744140625
83183762,746.7159423828125
83183764,-517.7166748046875
83183766,-2217.352294921875
83183768,-2018.3885498046875
83183770,-433.7573547363281
83183772,1373.131591796875
83183774,1066.30810546875
83183776,1129.590087890625
83183778,970.1699829101562
83183780,371.22296142578125
83183782,-1571.542724609375
83183784,-2313.10400390625
83183786,-1568.37353515625
83183788,572.0308837890625
83183790,1285.400634765625
83183792,879.560546875
83183794,978.00390625
83183796,603.520263671875
83183798,-568.3464965820312
83183800,-2399.555419921875
83183802,-2223.312744140625
83183804,-772.65185546875
83183806,1165.158447265625
83183808,956.1843872070312
83183810,904.217041015625
83183812,743.824951171875
83183814,203.1339874267578
83183816,-1640.4033203125
83183818,-2540.217529296875
83183820,-1815.4954833984375
83183822,260.3308410644531
83183824,1195.086181640625
83183826,767.5635375976562
83183828,866.1190795898438
83183830,552.815673828125
83183832,-465.67877197265625
83183834,-2358.167724609375
83183836,-2267.566650390625
83183838,-1008.8869018554688
83183840,1061.788818359375
83183842,972.803466796875
83183844,859.3941650390625
83183846,770.9072875976562
83183848,298.33331298828125
83183850,-1476.0069580078125
83183852,-2523.41552734375
83183854,-1898.4412841796875
83183856,131.83106994628906
83183858,1240.9100341796875
83183860,807.4393310546875
83183862,917.7332763671875
83183864,642.7398071289062
83183866,-324.0365905761719
83183868,-2183.349853515625
83183870,-2297.195068359375
83183872,-1074.557373046875
83183874,1009.3978271484375
83183876,1057.7554931640625
83183878,840.7813110351562
83183880,848.91015625
83183882,410.3053894042969
83183884,-1221.6201171875
83183886,-2416.452880859375
83183888,-1857.585205078125
83183890,29.458250045776367
83183892,1341.260009765625
83183894,898.3727416992188
83183896,1025.8009033203125
83183898,778.3175048828125
83183900,-83.89287567138672
83183902,-2020.5982666015625
83183904,-2206.772705078125
83183906,-1131.4635009765625
83183908,1015.370849609375
83183910,1198.3509521484375
83183912,990.5772705078125
83183914,979.0755615234375
83183916,588.2428588867188
83183918,-948.8945922851562
83183920,-2300.4267578125
83183922,-1848.2559814453125
83183924,-34.55072021484375
83183926,1400.2637939453125
83183928,998.4652099609375
83183930,1093.2366943359375
83183932,802.3717651367188
83183934,109.88690948486328
83183936,-1828.67529296875
83183938,-2181.210693359375
83183940,-1192.494140625
83183942,906.2689819335938
83183944,1337.3970947265625
83183946,1035.5164794921875
83183948,1073.11181640625
83183950,681.52734375
83183952,-715.1849975585938
83183954,-2217.730224609375
83183956,-1902.300048828125
83183958,-172.6165313720703
83183960,1408.9990234375
83183962,1055.2965087890625
83183964,1073.2156982421875
83183966,873.4628295898438
83183968,231.27549743652344
83183970,-1638.5174560546875
83183972,-2173.310302734375
83183974,-1295.623046875
83183976,779.2728881835938
83183978,1351.291259765625
83183980,1039.4208984375
83183982,1114.075927734375
83183984,755.2518920898438
83183986,-554.31103515625
83183988,-2118.443603515625
83183990,-1882.7568359375
83183992,-297.5523986816406
83183994,1377.2022705078125
83183996,1089.3778076171875
83183998,1148.0244140625
83184000,923.5734252929688
83184002,346.91534423828125
83184004,-1505.23681640625
83184006,-2155.6318359375
83184008,-1412.5338134765625
83184010,677.7266845703125
83184012,1376.0806884765625
83184014,1044.3431396484375
83184016,1071.533447265625
83184018,736.52685546875
83184020,-413.2047119140625
83184022,-2136.65771484375
83184024,-1917.9263916015625
83184026,-491.95941162109375
83184028,1361.289306640625
83184030,1127.5672607421875
83184032,1135.1021728515625
83184034,942.5892333984375
83184036,440.5570068359375
83184038,-1360.2176513671875
83184040,-2016.469482421875
83184042,-1235.227783203125
83184044,687.5668334960938
83184046,1588.2657470703125
83184048,1154.0347900390625
83184050,1224.7603759765625
83184052,860.486572265625
83184054,-205.78822326660156
83184056,-1969.09619140625
83184058,-1890.038330078125
83184060,-583.15869140625
83184062,1321.156005859375
83184064,1204.6854248046875
83184066,1130.703369140625
83184068,983.3788452148438
83184070,547.4989013671875
83184072,-1213.6033935546875
83184074,-2140.337890625
83184076,-1514.6533203125
83184078,404.3821716308594
83184080,1419.4581298828125
83184082,988.334228515625
83184084,1078.4078369140625
83184086,795.792236328125
83184088,-152.63710021972656
83184090,-1956.1739501953125
83184092,-2025.7239990234375
83184094,-812.8350219726562
83184096,1199.3935546875
83184098,1186.1390380859375
83184100,1095.1307373046875
83184102,1006.228515625
83184104,579.7567749023438
83184106,-1056.5592041015625
83184108,-2186.398681640625
83184110,-1655.62255859375
83184112,191.53677368164062
83184114,1398.8431396484375
83184116,972.853271484375
83184118,1083.8243408203125
83184120,796.2449951171875
83184122,-48.46571731567383
83184124,-1932.5517578125
83184126,-2094.5263671875
83184128,-1010.1205444335938
83184130,1057.3900146484375
83184132,1208.7352294921875
83184134,998.9677734375
83184136,1007.8609008789062
83184138,575.1793823242188
83184140,-977.0194702148438
83184142,-2246.511474609375
83184144,-1792.23876953125
83184146,24.4488525390625
83184148,1365.3226318359375
83184150,972.3797607421875
83184152,1124.41455078125
83184154,867.149169921875
83184156,59.448177337646484
83184158,-1822.000244140625
83184160,-2168.19287109375
83184162,-1114.8402099609375
83184164,953.2809448242188
83184166,1258.1937255859375
83184168,985.0403442382812
83184170,1019.632568359375
83184172,617.746826171875
83184174,-830.2474365234375
83184176,-2222.951416015625
83184178,-1828.3387451171875
83184180,-160.13873291015625
83184182,1405.700927734375
83184184,1020.4176635742188
83184186,1108.879638671875
83184188,865.1636962890625
83184190,193.8711700439453
83184192,-1741.6546630859375
83184194,-2181.933349609375
83184196,-1240.482177734375
83184198,834.1021118164062
83184200,1335.1748046875
83184202,1051.0928955078125
83184204,1089.3861083984375
83184206,721.97216796875
83184208,-685.9676513671875
83184210,-2215.46630859375
83184212,-1842.4365234375
83184214,-255.42529296875
83184216,1387.9022216796875
83184218,1123.484130859375
83184220,1136.0948486328125
83184222,958.576904296875
83184224,274.6736755371094
83184226,-1609.6158447265625
83184228,-2178.689208984375
83184230,-1363.353759765625
83184232,776.016357421875
83184234,1390.2449951171875
83184236,1008.7290649414062
83184238,1099.479736328125
83184240,701.282470703125
83184242,-461.4751892089844
83184244,-2182.066162109375
83184246,-1914.5286865234375
83184248,-447.094970703125
83184250,1410.1080322265625
83184252,1123.4010009765625
83184254,1102.470458984375
83184256,969.6341552734375
83184258,425.58697509765625
83184260,-1450.876953125
83184262,-2189.89599609375
83184264,-1443.6868896484375
83184266,577.4597778320312
83184268,1423.7738037109375
83184270,1066.5240478515625
83184272,1104.3271484375
83184274,797.6489868164062
83184276,-346.6785583496094
83184278,-2129.06884765625
83184280,-2015.248291015625
83184282,-629.0781860351562
83184284,1336.37109375
83184286,1177.6903076171875
83184288,1126.1134033203125
83184290,929.9618530273438
83184292,444.6235046386719
83184294,-1333.7542724609375
83184296,-2258.324462890625
83184298,-1551.364013671875
83184300,474.4389953613281
83184302,1419.080078125
83184304,1002.58154296875
83184306,1108.1153564453125
83184308,802.454833984375
83184310,-231.1924285888672
83184312,-2056.224853515625
83184314,-2068.544921875
83184316,-792.5855712890625
83184318,1181.19189453125
83184320,1151.3431396484375
83184322,1085.6976318359375
83184324,977.2770385742188
83184326,506.83392333984375
83184328,-1155.5467529296875
83184330,-2226.97216796875
83184332,-1634.2142333984375
83184334,301.66876220703125
83184336,1479.8865966796875
83184338,1000.488037109375
83184340,1134.8653564453125
83184342,813.5577392578125
83184344,-62.5510139465332
83184346,-1952.1324462890625
83184348,-2121.94921875
83184350,-1001.7300415039062
83184352,1138.8031005859375
83184354,1184.59375
83184356,1009.6345825195312
83184358,958.7471923828125
83184360,572.0100708007812
83184362,-996.3010864257812
83184364,-2255.728515625
83184366,-1776.55419921875
83184368,52.744056701660156
83184370,1426.29931640625
83184372,940.34619140625
83184374,1088.89599609375
83184376,794.579345703125
83184378,1.7861037254333496
83184380,-1908.9959716796875
83184382,-2217.61376953125
83184384,-1186.63330078125
83184386,944.898681640625
83184388,1206.5753173828125
83184390,969.771240234375
83184392,933.4551391601562
83184394,525.2058715820312
83184396,-961.256103515625
83184398,-2362.894775390625
83184400,-2120.92333984375
83184402,-363.18548583984375
83184404,1164.493896484375
83184406,786.4421997070312
83184408,891.743408203125
83184410,634.9556884765625
83184412,-59.0909538269043
83184414,-1949.1998291015625
83184416,-2362.1884765625
83184418,-1418.7977294921875
83184420,704.6552734375
83184422,1112.306396484375
83184424,794.7496948242188
83184426,840.694091796875
83184428,466.3558349609375
83184430,-877.1181030273438
83184432,-2425.404296875
83184434,-2025.1341552734375
83184436,-402.9159240722656
83184438,1226.122802734375
83184440,851.2237548828125
83184442,926.2526245117188
83184444,668.6798095703125
83184446,60.1210823059082
83184448,-1877.7764892578125
83184450,-2456.6484375
83184452,-1589.2791748046875
83184454,545.0523681640625
83184456,1108.7799072265625
83184458,770.5957641601562
83184460,831.92138671875
83184462,448.3452453613281
83184464,-829.1010131835938
83184466,-2454.235107421875
83184468,-2155.47412109375
83184470,-683.3217163085938
83184472,1145.4906005859375
83184474,903.0249633789062
83184476,909.5712280273438
83184478,739.9785766601562
83184480,171.3994903564453
83184482,-1657.0015869140625
83184484,-2389.6572265625
83184486,-1630.679443359375
83184488,521.3594970703125
83184490,1290.9874267578125
83184492,908.12158203125
83184494,1046.104248046875
83184496,659.2799682617188
83184498,-483.0538024902344
83184500,-2239.7158203125
83184502,-2111.3447265625
83184504,-678.2749633789062
83184506,1259.0452880859375
83184508,1070.370361328125
83184510,1093.760009765625
83184512,902.7507934570312
83184514,449.0638427734375
83184516,-1405.4268798828125
83184518,-2233.439453125
83184520,-1561.087890625
83184522,454.5010681152344
83184524,1446.1292724609375
83184526,1020.6751708984375
83184528,1156.81787109375
83184530,819.9378662109375
83184532,-291.5959777832031
83184534,-2056.544677734375
83184536,-2018.7374267578125
83184538,-697.361328125
83184540,1251.70556640625
83184542,1208.8349609375
83184544,1128.1820068359375
83184546,1000.0768432617188
83184548,532.404296875
83184550,-1162.6953125
83184552,-2238.2578125
83184554,-1595.430908203125
83184556,319.9617919921875
83184558,1467.7452392578125
83184560,1047.873779296875
83184562,1105.805908203125
83184564,840.3534545898438
83184566,-93.9989013671875
83184568,-1975.8958740234375
83184570,-2071.460693359375
83184572,-899.2159423828125
83184574,1112.0655517578125
83184576,1214.641845703125
83184578,1027.3419189453125
83184580,944.5248413085938
83184582,500.61578369140625
83184584,-1092.530517578125
83184586,-2310.3916015625
83184588,-1760.5499267578125
83184590,124.44158172607422
83184592,1425.2940673828125
83184594,1029.7386474609375
83184596,1116.0572509765625
83184598,840.6110229492188
83184600,-8.922210693359375
83184602,-1884.01123046875
83184604,-2130.967041015625
83184606,-1069.693359375
83184608,1013.6304321289062
83184610,1238.637939453125
83184612,1009.7176513671875
83184614,996.849365234375
83184616,570.6268920898438
83184618,-927.7479248046875
83184620,-2292.580322265625
83184622,-1800.8951416015625
83184624,-70.70893859863281
83184626,1451.6038818359375
83184628,1010.8931274414062
83184630,1100.946044921875
83184632,822.6959838867188
83184634,84.30409240722656
83184636,-1829.040771484375
83184638,-2207.125732421875
83184640,-1218.214111328125
83184642,907.265869140625
83184644,1285.014404296875
83184646,1055.99853515625
83184648,1022.357421875
83184650,653.7720947265625
83184652,-803.966796875
83184654,-2253.16552734375
83184656,-1896.4931640625
83184658,-244.43035888671875
83184660,1376.0557861328125
83184662,999.4122314453125
83184664,1116.476806640625
83184666,835.0076293945312
83184668,192.1972198486328
83184670,-1681.384033203125
83184672,-2183.490966796875
83184674,-1309.8785400390625
83184676,815.8796997070312
83184678,1368.93212890625
83184680,994.8846435546875
83184682,1035.8695068359375
83184684,670.3704223632812
83184686,-583.5989990234375
83184688,-2190.161865234375
83184690,-1923.18505859375
83184692,-347.8000793457031
83184694,1330.8382568359375
83184696,1114.4539794921875
83184698,1115.03125
83184700,932.8778076171875
83184702,339.8207702636719
83184704,-1492.48486328125
83184706,-2172.67041015625
83184708,-1348.9444580078125
83184710,747.800048828125
83184712,1437.294189453125
83184714,1122.208984375
83184716,1147.4345703125
83184718,802.0602416992188
83184720,-386.6166687011719
83184722,-2055.630859375
83184724,-1867.93212890625
83184726,-427.1446228027344
83184728,1436.999267578125
83184730,1186.63330078125
83184732,1208.228515625
83184734,1056.8748779296875
83184736,530.1280517578125
83184738,-1235.9422607421875
83184740,-2085.662353515625
83184742,-1341.9495849609375
83184744,662.8480224609375
83184746,1590.7081298828125
83184748,1156.4481201171875
83184750,1243.161376953125
83184752,962.813720703125
83184754,-167.8729705810547
83184756,-1894.37890625
83184758,-1755.3037109375
83184760,-240.57569885253906
83184762,1609.5535888671875
83184764,1456.904052734375
83184766,1398.4486083984375
83184768,1189.2999267578125
83184770,685.3280029296875
83184772,-1072.0484619140625
83184774,-2026.0147705078125
83184776,-1465.83447265625
83184778,512.9274291992188
83184780,1524.62646484375
83184782,1107.2471923828125
83184784,1216.664794921875
83184786,892.9853515625
83184788,-62.37240219116211
83184790,-1935.384521484375
83184792,-1988.3031005859375
83184794,-797.1256103515625
83184796,1233.8736572265625
83184798,1216.8433837890625
83184800,1135.276611328125
83184802,1044.143798828125
83184804,587.104736328125
83184806,-1078.4161376953125
83184808,-2205.019775390625
83184810,-1694.0279541015625
83184812,220.4010467529297
83184814,1422.7603759765625
83184816,1014.6356811523438
83184818,1099.74560546875
83184820,796.8265380859375
83184822,-65.05155944824219
83184824,-1979.380859375
83184826,-2087.888671875
83184828,-996.7745971679688
83184830,1095.525390625
83184832,1209.117431640625
83184834,1041.423095703125
83184836,973.5095825195312
83184838,586.7433471679688
83184840,-975.8148803710938
83184842,-2240.833251953125
83184844,-1847.0389404296875
83184846,-13.134092330932617
83184848,1411.474609375
83184850,984.7246704101562
83184852,1067.288330078125
83184854,832.5652465820312
83184856,33.13014602661133
83184858,-1888.21484375
83184860,-2162.373291015625
83184862,-1138.6826171875
83184864,1009.0862426757812
83184866,1260.773193359375
83184868,1041.6182861328125
83184870,1017.3771362304688
83184872,623.8154296875
83184874,-842.4843139648438
83184876,-2266.092041015625
83184878,-1880.06103515625
83184880,-116.64503479003906
83184882,1380.8409423828125
83184884,1021.3231811523438
83184886,1068.185546875
83184888,849.83642578125
83184890,171.42025756835938
83184892,-1778.589599609375
83184894,-2226.802001953125
83184896,-1291.3072509765625
83184898,865.3796997070312
83184900,1269.0848388671875
83184902,1017.4144897460938
83184904,1065.4814453125
83184906,670.2250366210938
83184908,-666.353759765625
83184910,-2258.781494140625
83184912,-1947.9329833984375
83184914,-295.0684814453125
83184916,1361.1522216796875
83184918,1041.0491943359375
83184920,1084.8045654296875
83184922,888.6488647460938
83184924,260.82513427734375
83184926,-1668.403564453125
83184928,-2269.42333984375
83184930,-1407.3624267578125
83184932,695.7413940429688
83184934,1367.009033203125
83184936,974.4566040039062
83184938,1065.115966796875
83184940,737.3243408203125
83184942,-516.1091918945312
83184944,-2161.717041015625
83184946,-1963.3515625
83184948,-447.3400573730469
83184950,1347.01708984375
83184952,1093.5980224609375
83184954,1108.5015869140625
83184956,924.9815673828125
83184958,351.19781494140625
83184960,-1539.284912109375
83184962,-2271.329833984375
83184964,-1520.9503173828125
83184966,540.2008056640625
83184968,1414.9803466796875
83184970,1019.4747314453125
83184972,1094.2418212890625
83184974,735.5839233398438
83184976,-375.2770080566406
83184978,-2134.796875
83184980,-2045.317138671875
83184982,-631.6285400390625
83184984,1312.445556640625
83184986,1141.2703857421875
83184988,1082.8856201171875
83184990,992.1473388671875
83184992,456.7814636230469
83184994,-1367.2664794921875
83184996,-2247.209228515625
83184998,-1625.7406005859375
83185000,406.5255126953125
83185002,1417.3480224609375
83185004,1012.6044921875
83185006,1101.4029541015625
83185008,813.9482421875
83185010,-237.2693328857422
83185012,-2094.692626953125
83185014,-2095.689453125
83185016,-809.4580078125
83185018,1209.740478515625
83185020,1190.1929931640625
83185022,1111.7291259765625
83185024,1012.322021484375
83185026,544.275634765625
83185028,-1176.2156982421875
83185030,-2284.21484375
83185032,-1665.63720703125
83185034,252.4470672607422
83185036,1418.0084228515625
83185038,993.3145751953125
83185040,1126.89013671875
83185042,835.3523559570312
83185044,-59.70570755004883
83185046,-1973.64453125
83185048,-2087.9677734375
83185050,-930.7386474609375
83185052,1148.8177490234375
83185054,1273.6788330078125
83185056,1118.8402099609375
83185058,1065.1865234375
83185060,621.701171875
83185062,-1016.0853271484375
83185064,-2258.266357421875
83185066,-1711.6605224609375
83185068,147.68585205078125
83185070,1498.7943115234375
83185072,1068.6341552734375
83185074,1161.690185546875
83185076,897.0726318359375
83185078,39.302589416503906
83185080,-1855.184326171875
83185082,-2107.1953125
83185084,-1038.67333984375
83185086,1103.1474609375
83185088,1333.5672607421875
83185090,1096.5596923828125
83185092,1066.42431640625
83185094,674.598876953125
83185096,-842.4469604492188
83185098,-2263.354736328125
83185100,-1790.8388671875
83185102,-10.55462646484375
83185104,1464.7254638671875
83185106,1063.7369384765625
83185108,1155.318359375
83185110,892.2210693359375
83185112,192.14321899414062
83185114,-1736.5123291015625
83185116,-2122.9130859375
83185118,-1333.5672607421875
83185120,680.5678100585938
83185122,1202.824462890625
83185124,904.3167724609375
83185126,984.089111328125
83185128,589.8753051757812
83185130,-795.3602905273438
83185132,-2231.37939453125
83185134,-1918.1424560546875
83185136,-249.4480743408203
83185138,1407.5452880859375
83185140,1028.09375
83185142,1100.8836669921875
83185144,903.6355590820312
83185146,246.2206268310547
83185148,-1626.48828125
83185150,-2195.9189453125
83185152,-1342.3690185546875
83185154,822.5796508789062
83185156,1360.8240966796875
83185158,1051.77001953125
83185160,1097.5648193359375
83185162,731.1893310546875
83185164,-515.43212890625
83185166,-2162.373291015625
83185168,-1931.4718017578125
83185170,-360.5520324707031
83185172,1434.6566162109375
83185174,1172.693359375
83185176,1159.264404296875
83185178,931.0169067382812
83185180,376.4317321777344
83185182,-1520.5350341796875
83185184,-2204.716552734375
83185186,-1367.910400390625
83185188,692.0445556640625
83185190,1418.74365234375
83185192,1035.9609375
83185194,1157.0379638671875
83185196,754.8655395507812
83185198,-414.95758056640625
83185200,-2092.096435546875
83185202,-1960.6766357421875
83185204,-518.7841796875
83185206,1426.3990478515625
83185208,1196.701904296875
83185210,1173.4700927734375
83185212,1013.0614013671875
83185214,451.954833984375
83185216,-1362.53955078125
83185218,-2203.61572265625
83185220,-1447.0762939453125
83185222,575.4078369140625
83185224,1460.3973388671875
83185226,1055.9361572265625
83185228,1155.609130859375
83185230,784.1203002929688
83185232,-245.79278564453125
83185234,-2048.4697265625
83185236,-2014.7166748046875
83185238,-706.6989135742188
83185240,1269.3173828125
83185242,1188.2615966796875
83185244,1142.4168701171875
83185246,1010.6896362304688
83185248,532.8279418945312
83185250,-1196.145263671875
83185252,-2197.028076171875
83185254,-1592.3363037109375
83185256,395.2938232421875
83185258,1485.6727294921875
83185260,1015.4705810546875
83185262,1133.9141845703125
83185264,863.6268310546875
83185266,-77.15552520751953
83185268,-1955.41796875
83185270,-2004.884765625
83185272,-807.5888671875
83185274,1228.7022705078125
83185276,1280.4202880859375
83185278,1121.34912109375
83185280,1035.5828857421875
83185282,610.199462890625
83185284,-1041.20703125
83185286,-2202.2783203125
83185288,-1640.9141845703125
83185290,256.0857238769531
83185292,1493.095458984375
83185294,1087.7080078125
83185296,1146.9486083984375
83185298,889.1805419921875
83185300,35.61407470703125
83185302,-1860.1273193359375
83185304,-2051.6474609375
83185306,-943.9017944335938
83185308,1152.86767578125
83185310,1331.154052734375
83185312,1128.663818359375
83185314,1119.517333984375
83185316,658.2415161132812
83185318,-829.1300659179688
83185320,-2202.693603515625
83185322,-1705.093505859375
83185324,48.18326187133789
83185326,1486.07568359375
83185328,1108.8255615234375
83185330,1190.7454833984375
83185332,950.036865234375
83185334,146.1572723388672
83185336,-1760.5291748046875
83185338,-2079.2158203125
83185340,-1119.9368896484375
83185342,1021.15283203125
83185344,1312.370849609375
83185346,1095.6500244140625
83185348,1069.091064453125
83185350,697.8888549804688
83185352,-744.0492553710938
83185354,-2130.796875
83185356,-1787.5657958984375
83185358,-131.59844970703125
83185360,1461.564453125
83185362,1073.361083984375
83185364,1172.5853271484375
83185366,953.6215209960938
83185368,262.49078369140625
83185370,-1663.6766357421875
83185372,-2140.55810546875
83185374,-1237.661865234375
83185376,892.939697265625
83185378,1420.3470458984375
83185380,1044.6173095703125
83185382,1093.99267578125
83185384,747.2393188476562
83185386,-570.091064453125
83185388,-2168.026611328125
83185390,-1863.8365478515625
83185392,-304.7923583984375
83185394,1436.4593505859375
83185396,1108.347900390625
83185398,1194.3134765625
83185400,940.8695678710938
83185402,348.9589538574219
83185404,-1464.21875
83185406,-2119.934814453125
83185408,-1365.78369140625
83185410,726.3377685546875
83185412,1422.92236328125
83185414,1080.090087890625
83185416,1111.08935546875
83185418,786.8118896484375
83185420,-433.6867370605469
83185422,-2104.17138671875
83185424,-1913.4072265625
83185426,-482.908447265625
83185428,1386.3861083984375
83185430,1160.527099609375
83185432,1170.583251953125
83185434,976.770263671875
83185436,476.3995361328125
83185438,-1343.1624755859375
83185440,-2112.8525390625
83185442,-1423.1258544921875
83185444,621.8257446289062
83185446,1495.6998291015625
83185448,1122.1341552734375
83185450,1189.0050048828125
83185452,829.5662231445312
83185454,-260.96636962890625
83185456,-2012.1123046875
83185458,-1932.1571044921875
83185460,-596.504638671875
83185462,1303.955322265625
83185464,1204.602294921875
83185466,1136.7427978515625
83185468,1001.7632446289062
83185470,503.65216064453125
83185472,-1213.5411376953125
83185474,-2193.71337890625
83185476,-1558.093017578125
83185478,625.2775268554688
83185480,1718.132080078125
83185482,1265.4088134765625
83185484,1315.706298828125
83185486,997.0861206054688
83185488,-4.614793300628662
83185490,-1845.423095703125
83185492,-1917.656494140625
83185494,-665.468994140625
83185496,1304.9979248046875
83185498,1315.673095703125
83185500,1174.2884521484375
83185502,1060.2269287109375
83185504,580.433837890625
83185506,-1055.412841796875
83185508,-2157.37646484375
83185510,-1612.3033447265625
83185512,258.453369140625
83185514,1535.5548095703125
83185516,1086.6280517578125
83185518,1208.6688232421875
83185520,908.6864624023438
83185522,60.15431213378906
83185524,-1837.580810546875
83185526,-2003.750732421875
83185528,-925.720947265625
83185530,1219.688720703125
83185532,1274.2645263671875
83185534,1101.3905029296875
83185536,1026.5069580078125
83185538,646.1458740234375
83185540,-927.8392944335938
83185542,-2228.54638671875
83185544,-1703.3697509765625
83185546,135.02113342285156
83185548,1482.5740966796875
83185550,1099.118408203125
83185552,1135.7791748046875
83185554,894.6635131835938
83185556,99.99687957763672
83185558,-1748.0928955078125
83185560,-2064.739990234375
83185562,-1017.9835815429688
83185564,1074.3704833984375
83185566,1341.60888671875
83185568,1124.746826171875
83185570,1104.4559326171875
83185572,721.6066284179688
83185574,-751.8624267578125
83185576,-2170.22802734375
83185578,-1805.966796875
83185580,-69.18451690673828
83185582,1441.8883056640625
83185584,1052.09814453125
83185586,1148.07421875
83185588,888.5284423828125
83185590,223.89016723632812
83185592,-1710.9752197265625
83185594,-2106.356201171875
83185596,-1165.5198974609375
83185598,939.1748657226562
83185600,1407.3541259765625
83185602,1078.3206787109375
83185604,1135.4718017578125
83185606,755.634033203125
83185608,-625.057373046875
83185610,-2131.5361328125
83185612,-1851.3546142578125
83185614,-233.83834838867188
83185616,1417.181884765625
83185618,1123.849609375
83185620,1171.42236328125
83185622,979.7650756835938
83185624,280.4390563964844
83185626,-1585.474365234375
83185628,-2188.69970703125
83185630,-1309.724853515625
83185632,823.6637573242188
83185634,1453.7803955078125
83185636,1079.0308837890625
83185638,1153.0960693359375
83185640,774.0308837890625
83185642,-448.4989318847656
83185644,-2120.97314453125
83185646,-1875.433837890625
83185648,-383.38507080078125
83185650,1431.3045654296875
83185652,1136.3275146484375
83185654,1200.930419921875
83185656,987.8731689453125
83185658,453.142822265625
83185660,-1466.362060546875
83185662,-2170.568603515625
83185664,-1460.1937255859375
83185666,663.0390625
83185668,1449.356689453125
83185670,1087.5086669921875
83185672,1214.9908447265625
83185674,848.3992309570312
83185676,-340.5767517089844
83185678,-2096.088134765625
83185680,-1988.9261474609375
83185682,-521.1351928710938
83185684,1355.906005859375
83185686,1248.4407958984375
83185688,1158.5955810546875
83185690,1026.31591796875
83185692,492.4578552246094
83185694,-1308.74462890625
83185696,-2205.015625
83185698,-1517.411376953125
83185700,532.39599609375
83185702,1519.1185302734375
83185704,1078.212646484375
83185706,1191.45166015625
83185708,847.4646606445312
83185710,-190.0788116455078
83185712,-2029.0054931640625
83185714,-1979.8045654296875
83185716,-724.6845703125
83185718,1313.600341796875
83185720,1260.2623291015625
83185722,1148.136474609375
83185724,1000.8701782226562
83185726,549.5010375976562
83185728,-1168.174072265625
83185730,-2192.990478515625
83185732,-1650.5550537109375
83185734,306.17138671875
83185736,1462.8480224609375
83185738,1072.3392333984375
83185740,1146.0555419921875
83185742,887.5107421875
83185744,-81.7287826538086
83185746,-1955.5799560546875
83185748,-2025.0220947265625
83185750,-892.636474609375
83185752,1222.754150390625
83185754,1295.033203125
83185756,1141.095947265625
83185758,1069.7763671875
83185760,603.1588745117188
83185762,-991.4536743164062
83185764,-2222.344970703125
83185766,-1672.61962890625
83185768,158.855224609375
83185770,1523.3428955078125
83185772,1056.093994140625
83185774,1155.7835693359375
83185776,904.2337036132812
83185778,66.95396423339844
83185780,-1810.461181640625
83185782,-2070.123291015625
83185784,-1008.1558227539062
83185786,1100.08203125
83185788,1321.3179931640625
83185790,1141.2786865234375
83185792,1111.043701171875
83185794,742.9526977539062
83185796,-827.8922729492188
83185798,-2188.055908203125
83185800,-1762.3111572265625
83185802,21.07602310180664
83185804,1474.4036865234375
83185806,1102.802734375
83185808,1162.7452392578125
83185810,912.8027954101562
83185812,171.59471130371094
83185814,-1721.9493408203125
83185816,-2132.661865234375
83185818,-1162.8780517578125
83185820,980.7786254882812
83185822,1401.1983642578125
83185824,1162.9072265625
83185826,1121.8060302734375
83185828,733.6940307617188
83185830,-667.4046630859375
83185832,-2172.24267578125
83185834,-1835.096923828125
83185836,-210.10809326171875
83185838,1193.7943115234375
83185840,949.1895141601562
83185842,991.4869384765625
83185844,845.8239135742188
83185846,142.52276611328125
83185848,-1723.623291015625
83185850,-2227.03857421875
83185852,-1355.0047607421875
83185854,744.8841552734375
83185856,1363.5614013671875
83185858,1052.1978759765625
83185860,1061.240478515625
83185862,723.6419677734375
83185864,-549.5176391601562
83185866,-2151.65673828125
83185868,-1875.6082763671875
83185870,-330.23809814453125
83185872,1426.7894287109375
83185874,1143.3887939453125
83185876,1160.3153076171875
83185878,979.7609252929688
83185880,389.7112121582031
83185882,-1470.4908447265625
83185884,-2209.298095703125
83185886,-1377.4722900390625
83185888,679.9945678710938
83185890,1433.2734375
83185892,1079.2344970703125
83185894,1112.181884765625
83185896,807.572265625
83185898,-429.0013427734375
83185900,-2097.350830078125
83185902,-1953.0379638671875
83185904,-506.7716064453125
83185906,1376.20947265625
83185908,1161.6693115234375
83185910,1165.2747802734375
83185912,994.8472900390625
83185914,453.446044921875
83185916,-1335.44482421875
83185918,-2203.324951171875
83185920,-1478.540771484375
83185922,551.1334228515625
83185924,1436.089599609375
83185926,1071.7369384765625
83185928,1142.0845947265625
83185930,836.5071411132812
83185932,-233.85911560058594
83185934,-2051.63916015625
83185936,-1997.9189453125
83185938,-676.5552978515625
83185940,1249.6619873046875
83185942,1234.1851806640625
83185944,1140.219482421875
83185946,1056.708740234375
83185948,554.6142578125
83185950,-1186.068359375
83185952,-2163.78564453125
83185954,-1555.388916015625
83185956,412.07904052734375
83185958,1503.6043701171875
83185960,1069.5936279296875
83185962,1161.0047607421875
83185964,853.794921875
83185966,-68.42023468017578
83185968,-1922.7322998046875
83185970,-2003.135986328125
83185972,-801.3250122070312
83185974,1235.4146728515625
83185976,1259.80126953125
83185978,1145.90185546875
83185980,1082.2999267578125
83185982,597.5679931640625
83185984,-1028.7957763671875
83185986,-2197.285400390625
83185988,-1679.851318359375
83185990,252.20614624023438
83185992,1487.1888427734375
83185994,1036.1312255859375
83185996,1175.646728515625
83185998,879.572998046875
83186000,28.66904067993164
83186002,-1848.3721923828125
83186004,-2054.783447265625
83186006,-969.21875
83186008,1153.316162109375
83186010,1303.361328125
83186012,1086.8524169921875
83186014,1083.1929931640625
83186016,664.6631469726562
83186018,-835.7511596679688
83186020,-2165.2021484375
83186022,-1711.0416259765625
83186024,72.11705017089844
83186026,1510.732177734375
83186028,1090.35400390625
83186030,1173.4327392578125
83186032,890.50146484375
83186034,150.76791381835938
83186036,-1761.4471435546875
83186038,-2098.14013671875
83186040,-1122.1341552734375
83186042,1083.924072265625
83186044,1346.2030029296875
83186046,1103.5587158203125
83186048,1136.867431640625
83186050,739.554931640625
83186052,-735.6919555664062
83186054,-2130.705322265625
83186056,-1785.351806640625
83186058,-49.80321502685547
83186060,1502.0467529296875
83186062,1121.8309326171875
83186064,1192.456787109375
83186066,947.0545043945312
83186068,267.4295654296875
83186070,-1659.2529296875
83186072,-2123.656494140625
83186074,-1210.4091796875
83186076,963.0172729492188
83186078,1402.373779296875
83186080,1104.8131103515625
83186082,1103.3385009765625
83186084,766.280029296875
83186086,-562.8760375976562
83186088,-2143.6982421875
83186090,-1828.450927734375
83186092,-227.44992065429688
83186094,1463.034912109375
83186096,1144.49365234375
83186098,1186.8658447265625
83186100,990.6270751953125
83186102,363.64654541015625
83186104,-1479.2469482421875
83186106,-2115.091552734375
83186108,-1349.438720703125
83186110,794.53369140625
83186112,1435.8695068359375
83186114,1095.3924560546875
83186116,1123.6585693359375
83186118,773.7691650390625
83186120,-433.0844421386719
83186122,-2037.70751953125
83186124,-1848.110595703125
83186126,-412.51934814453125
83186128,1442.9100341796875
83186130,1193.1463623046875
83186132,1177.3538818359375
83186134,1018.9638671875
83186136,481.5335388183594
83186138,-1342.9671630859375
83186140,-2135.893310546875
83186142,-1434.78125
83186144,639.8861694335938
83186146,1471.4046630859375
83186148,1052.34326171875
83186150,1138.37109375
83186152,850.135498046875
83186154,-264.24365234375
83186156,-2016.8017578125
83186158,-1916.746826171875
83186160,-596.9822998046875
83186162,1354.58935546875
83186164,1243.2279052734375
83186166,1198.2470703125
83186168,1015.8360595703125
83186170,558.1366577148438
83186172,-1226.2764892578125
83186174,-2164.757568359375
83186176,-1513.6563720703125
83186178,497.5461730957031
83186180,1526.778076171875
83186182,1069.2489013671875
83186184,1183.1483154296875
83186186,843.8758544921875
83186188,-144.3628692626953
83186190,-1968.2572021484375
83186192,-1965.1708984375
83186194,-738.4209594726562
83186196,1336.9775390625
83186198,1539.4468994140625
83186200,1302.5223388671875
83186202,1257.2633056640625
83186204,706.8484497070312
83186206,-953.3141479492188
83186208,-2058.14794921875
83186210,-1543.8955078125
83186212,364.24468994140625
83186214,1611.0447998046875
83186216,1136.9671630859375
83186218,1234.2183837890625
83186220,941.3347778320312
83186222,-12.876561164855957
83186224,-1827.582763671875
83186226,-2012.5400390625
83186228,-903.5109252929688
83186230,1202.5338134765625
83186232,1344.3961181640625
83186234,1134.096923828125
83186236,1090.7694091796875
83186238,668.4181518554688
83186240,-930.7136840820312
83186242,-2170.597900390625
83186244,-1627.672119140625
83186246,167.70266723632812
83186248,1523.7042236328125
83186250,1108.4268798828125
83186252,1229.3211669921875
83186254,935.1416015625
83186256,172.99037170410156
83186258,-1746.140625
83186260,-2081.8408203125
83186262,-997.0072021484375
83186264,1075.6207275390625
83186266,1320.0968017578125
83186268,1125.228759765625
83186270,1103.438232421875
83186272,698.9190063476562
83186274,-783.0859985351562
83186276,-2174.71826171875
83186278,-1747.1168212890625
83186280,-77.37567138671875
83186282,1515.650146484375
83186284,1106.404052734375
83186286,1200.340576171875
83186288,963.5904541015625
83186290,245.88417053222656
83186292,-1656.515625
83186294,-2085.828369140625
83186296,-1145.1998291015625
83186298,980.73291015625
83186300,1396.1431884765625
83186302,1070.31640625
83186304,1107.953369140625
83186306,721.3408203125
83186308,-634.8850708007812
83186310,-2185.007080078125
83186312,-1866.2374267578125
83186314,-207.09664916992188
83186316,1460.1563720703125
83186318,1181.45361328125
83186320,1224.1165771484375
83186322,1004.09765625
83186324,356.65997314453125
83186326,-1562.1719970703125
83186328,-2154.659912109375
83186330,-1309.5753173828125
83186332,857.5166625976562
83186334,1418.08740234375
83186336,1059.3505859375
83186338,1149.0960693359375
83186340,812.0416259765625
83186342,-540.7532958984375
83186344,-2144.915283203125
83186346,-1909.290771484375
83186348,-356.20721435546875
83186350,1451.1136474609375
83186352,1174.8740234375
83186354,1199.9833984375
83186356,1001.086181640625
83186358,428.56103515625
83186360,-1420.85791015625
83186362,-2177.22705078125
83186364,-1409.887939453125
83186366,745.2828979492188
83186368,1515.4259033203125
83186370,1132.21533203125
83186372,1228.26611328125
83186374,859.0618896484375
83186376,-294.1505126953125
83186378,-2102.638671875
83186380,-1941.399169921875
83186382,-545.1022338867188
83186384,1384.38818359375
83186386,1227.098876953125
83186388,1216.353271484375
83186390,1015.3251953125
83186392,490.7673034667969
83186394,-1312.74462890625
83186396,-2161.185546875
83186398,-1500.34375
83186400,518.9503173828125
83186402,1538.425048828125
83186404,1119.280517578125
83186406,1198.6998291015625
83186408,913.8246459960938
83186410,-144.68685913085938
83186412,-1997.1173095703125
83186414,-1998.9947509765625
83186416,-658.2622680664062
83186418,1353.447021484375
83186420,1269.1553955078125
83186422,1159.002685546875
83186424,1055.138671875
83186426,620.8870239257812
83186428,-1110.43310546875
83186430,-2189.06103515625
83186432,-1592.128662109375
83186434,410.625244140625
83186436,1499.1474609375
83186438,1151.143798828125
83186440,1221.516357421875
83186442,958.1698608398438
83186444,-19.863134384155273
83186446,-1871.7327880859375
83186448,-2004.4444580078125
83186450,-867.8677978515625
83186452,1221.549560546875
83186454,1291.68115234375
83186456,1150.840576171875
83186458,1099.201416015625
83186460,626.9680786132812
83186462,-972.533447265625
83186464,-2169.870849609375
83186466,-1685.94482421875
83186468,191.9521484375
83186470,1555.085693359375
83186472,1097.35302734375
83186474,1200.7393798828125
83186476,940.325439453125
83186478,105.65010833740234
83186480,-1814.12060546875
83186482,-2100.97705078125
83186484,-960.1221313476562
83186486,1141.36181640625
83186488,1359.461669921875
83186490,1184.3861083984375
83186492,1116.5224609375
83186494,727.9784545898438
83186496,-814.3552856445312
83186498,-2194.58984375
83186500,-1764.6123046875
83186502,30.409454345703125
83186504,1521.697998046875
83186506,1128.568359375
83186508,1206.3011474609375
83186510,941.4594116210938
83186512,185.29786682128906
83186514,-1712.5867919921875
83186516,-2102.671875
83186518,-1107.43408203125
83186520,1032.409423828125
83186522,1357.98291015625
83186524,1158.8905029296875
83186526,1172.037109375
83186528,756.91748046875
83186530,-681.6851806640625
83186532,-2139.062744140625
83186534,-1805.8587646484375
83186536,-118.88804626464844
83186538,1488.51806640625
83186540,1176.7723388671875
83186542,1213.740478515625
83186544,1011.7944946289062
83186546,327.0895690917969
83186548,-1579.5968017578125
83186550,-2099.39453125
83186552,-1227.2484130859375
83186554,872.2374877929688
83186556,1266.264404296875
83186558,827.1030883789062
83186560,1009.1859741210938
83186562,604.135009765625
83186564,-638.718994140625
83186566,-2255.1220703125
83186568,-1975.5594482421875
83186570,-434.8248596191406
83186572,1372.3216552734375
83186574,1115.2431640625
83186576,1188.9178466796875
83186578,995.4121704101562
83186580,359.91650390625
83186582,-1463.633056640625
83186584,-2169.962158203125
83186586,-1389.572021484375
83186588,715.0271606445312
83186590,1473.2489013671875
83186592,1085.0289306640625
83186594,1127.5880126953125
83186596,800.2699584960938
83186598,-387.7506408691406
83186600,-2053.740966796875
83186602,-1940.56005859375
83186604,-484.20440673828125
83186606,1420.3927001953125
83186608,1208.44873046875
83186610,1193.71533203125
83186612,1003.495361328125
83186614,491.9926452636719
83186616,-1302.2315673828125
83186618,-2140.695068359375
83186620,-1442.943359375
83186622,625.5848999023438
83186624,1508.7467041015625
83186626,1114.61181640625
83186628,1182.8990478515625
83186630,878.04443359375
83186632,-199.71546936035156
83186634,-2005.3084716796875
83186636,-1940.5185546875
83186638,-669.70166015625
83186640,1367.4700927734375
83186642,1258.4803466796875
83186644,1206.2554931640625
83186646,1060.330810546875
83186648,494.771484375
83186650,-1194.4464111328125
83186652,-2237.634765625
83186654,-1573.4866943359375
83186656,397.0176086425781
83186658,1492.4058837890625
83186660,1087.9697265625
83186662,1209.0218505859375
83186664,874.8086547851562
83186666,-38.534149169921875
83186668,-1968.12841796875
83186670,-1978.6331787109375
83186672,-817.4539794921875
83186674,1237.4874267578125
83186676,1298.3394775390625
83186678,1128.875732421875
83186680,1040.3431396484375
83186682,635.6826171875
83186684,-993.152587890625
83186686,-2211.82763671875
83186688,-1610.7498779296875
83186690,266.2166748046875
83186692,1523.6419677734375
83186694,1079.2635498046875
83186696,1171.50537109375
83186698,899.6978149414062
83186700,20.07912826538086
83186702,-1839.653564453125
83186704,-2046.845703125
83186706,-948.4957885742188
83186708,1182.2593994140625
83186710,1370.8138427734375
83186712,1140.2943115234375
83186714,1114.69482421875
83186716,689.8929443359375
83186718,-857.7825317382812
83186720,-2150.9755859375
83186722,-1713.4176025390625
83186724,108.90248107910156
83186726,1515.3760986328125
83186728,1105.9969482421875
83186730,1200.8306884765625
83186732,912.2877807617188
83186734,174.950927734375
83186736,-1775.893798828125
83186738,-2040.2413330078125
83186740,-1046.989013671875
83186742,1019.7738037109375
83186744,1377.1981201171875
83186746,1122.0802001953125
83186748,1097.427734375
83186750,764.2987060546875
83186752,-706.13818359375
83186754,-2149.235107421875
83186756,-1791.2169189453125
83186758,-99.618896484375
83186760,1497.078857421875
83186762,1127.089599609375
83186764,1154.6163330078125
83186766,954.585205078125
83186768,295.2138671875
83186770,-1645.342041015625
83186772,-2101.924072265625
83186774,-1223.44775390625
83186776,918.5889892578125
83186778,1443.1925048828125
83186780,1136.82177734375
83186782,1124.1861572265625
83186784,815.2649536132812
83186786,-543.091796875
83186788,-2120.44970703125
83186790,-1807.12158203125
83186792,-252.39306640625
83186794,1465.53125
83186796,1168.0452880859375
83186798,1201.3582763671875
83186800,944.91943359375
83186802,351.18951416015625
83186804,-1516.534912109375
83186806,-2151.8603515625
83186808,-1309.08935546875
83186810,777.0797119140625
83186812,1440.874755859375
83186814,1106.9273681640625
83186816,1150.142822265625
83186818,883.4151611328125
83186820,-393.7486267089844
83186822,-2081.32177734375
83186824,-1872.114990234375
83186826,-418.3511657714844
83186828,1423.1341552734375
83186830,1196.8887939453125
83186832,1178.3424072265625
83186834,1041.75537109375
83186836,451.4979248046875
83186838,-1348.832275390625
83186840,-2189.58447265625
83186842,-1451.3297119140625
83186844,623.52880859375
83186846,1494.038330078125
83186848,1082.9893798828125
83186850,1189.64892578125
83186852,847.111572265625
83186854,-233.6638946533203
83186856,-2009.2877197265625
83186858,-1904.5845947265625
83186860,-556.4710083007812
83186862,1393.443359375
83186864,1222.795654296875
83186866,1181.7236328125
83186868,1044.0938720703125
83186870,560.8282470703125
83186872,-1210.994873046875
83186874,-2135.2578125
83186876,-1542.337890625
83186878,470.8127746582031
83186880,1485.55224609375
83186882,1109.6895751953125
83186884,1172.2696533203125
83186886,900.3457641601562
83186888,-127.66072082519531
83186890,-1979.11083984375
83186892,-1988.5938720703125
83186894,-710.7654418945312
83186896,1322.763427734375
83186898,1257.5955810546875
83186900,1169.5323486328125
83186902,1058.723388671875
83186904,643.915283203125
83186906,-1053.4605712890625
83186908,-2181.8212890625
83186910,-1597.8109130859375
83186912,324.74688720703125
83186914,1531.072998046875
83186916,1326.7884521484375
83186918,1371.9228515625
83186920,1065.9383544921875
83186922,147.69415283203125
83186924,-1734.942138671875
83186926,-1898.881591796875
83186928,-799.9501342773438
83186930,1298.4765625
83186932,1394.357177734375
83186934,1209.370849609375
83186936,1146.3546142578125
83186938,739.1353759765625
83186940,-874.156494140625
83186942,-2073.86572265625
83186944,-1619.5806884765625
83186946,152.24249267578125
83186948,1546.2880859375
83186950,1153.0628662109375
83186952,1240.8809814453125
83186954,944.915283203125
83186956,154.73057556152344
83186958,-1756.990234375
83186960,-2030.5755615234375
83186962,-1033.842529296875
83186964,1054.166748046875
83186966,1346.2777099609375
83186968,1103.3218994140625
83186970,1110.2296142578125
83186972,698.594970703125
83186974,-762.3837890625
83186976,-2114.56396484375
83186978,-1732.3626708984375
83186980,-9.379120826721191
83186982,1524.44775390625
83186984,1118.865234375
83186986,1195.842041015625
83186988,965.88330078125
83186990,263.54168701171875
83186992,-1677.0516357421875
83186994,-2096.391357421875
83186996,-1160.502197265625
83186998,976.6248779296875
83187000,1410.0291748046875
83187002,1118.7032470703125
83187004,1137.3533935546875
83187006,756.4315185546875
83187008,-596.4340209960938
83187010,-2115.149658203125
83187012,-1808.2388916015625
83187014,-212.47987365722656
83187016,1518.8236083984375
83187018,1174.6456298828125
83187020,1211.568115234375
83187022,1023.1798706054688
83187024,381.6363525390625
83187026,-1550.0306396484375
83187028,-2145.949462890625
83187030,-1312.674072265625
83187032,827.95458984375
83187034,1459.674560546875
83187036,1054.3494873046875
83187038,1158.95703125
83187040,804.0623168945312
83187042,-482.01123046875
83187044,-2122.908935546875
83187046,-1905.4901123046875
83187048,-387.0611267089844
83187050,1439.8363037109375
83187052,1183.941650390625
83187054,1229.3751220703125
83187056,1027.549560546875
83187058,475.1451110839844
83187060,-1356.6121826171875
83187062,-2084.3955078125
83187064,-1372.9571533203125
83187066,700.2398681640625
83187068,1509.4071044921875
83187070,1131.2308349609375
83187072,1172.00390625
83187074,867.5853271484375
83187076,-294.9729309082031
83187078,-2042.0233154296875
83187080,-1918.1839599609375
83187082,-540.8488159179688
83187084,1388.7828369140625
83187086,1214.849609375
83187088,1210.5047607421875
83187090,1063.2093505859375
83187092,538.236083984375
83187094,-1251.4398193359375
83187096,-2151.536376953125
83187098,-1454.7523193359375
83187100,519.4197387695312
83187102,1514.8153076171875
83187104,1058.7275390625
83187106,1229.2879638671875
83187108,886.7132568359375
83187110,-126.38552856445312
83187112,-1979.06103515625
83187114,-1971.52197265625
83187116,-724.5848999023438
83187118,1324.7032470703125
83187120,1255.9840087890625
83187122,1169.5947265625
83187124,1063.08056640625
83187126,592.4755249023438
83187128,-1103.8660888671875
83187130,-2144.358642578125
83187132,-1568.9051513671875
83187134,416.6772155761719
83187136,1512.015625
83187138,1152.979736328125
83187140,1219.6429443359375
83187142,925.7001342773438
83187144,-30.413606643676758
83187146,-1930.6326904296875
83187148,-2055.398193359375
83187150,-843.2901611328125
83187152,1221.0760498046875
83187154,1280.9935302734375
83187156,1145.324462890625
83187158,1094.063232421875
83187160,666.4991455078125
83187162,-927.9971923828125
83187164,-2132.130126953125
83187166,-1648.4864501953125
83187168,241.88827514648438
83187170,1539.7708740234375
83187172,1132.1986083984375
83187174,1237.62451171875
83187176,954.1614990234375
83187178,118.84235382080078
83187180,-1801.406005859375
83187182,-1979.8087158203125
83187184,-981.314453125
83187186,1127.9493408203125
83187188,1334.497802734375
83187190,1123.7666015625
83187192,1119.7208251953125
83187194,689.6852416992188
83187196,-776.2531127929688
83187198,-2152.030517578125
83187200,-1729.1767578125
83187202,39.54765701293945
83187204,1557.0172119140625
83187206,1158.8157958984375
83187208,1232.590087890625
83187210,961.5966796875
83187212,226.6357879638672
83187214,-1667.6434326171875
83187216,-2049.96923828125
83187218,-1131.5714111328125
83187220,1017.780029296875
83187222,1427.5870361328125
83187224,1145.2247314453125
83187226,1148.635009765625
83187228,769.623779296875
83187230,-637.2651977539062
83187232,-2113.916015625
83187234,-1730.4769287109375
83187236,-128.49147033691406
83187238,1517.3033447265625
83187240,1163.7918701171875
83187242,1218.2431640625
83187244,1003.1588745117188
83187246,373.51165771484375
83187248,-1565.353759765625
83187250,-2075.763916015625
83187252,-1210.64599609375
83187254,902.4724731445312
83187256,1477.4649658203125
83187258,1128.107177734375
83187260,1193.939697265625
83187262,859.2903442382812
83187264,-483.44012451171875
83187266,-2098.12353515625
83187268,-1843.1717529296875
83187270,-324.8341064453125
83187272,1490.636474609375
83187274,1161.5655517578125
83187276,970.98828125
83187278,876.3995361328125
83187280,259.45440673828125
83187282,-1568.16162109375
83187284,-2246.374267578125
83187286,-1448.22265625
83187288,675.3673095703125
83187290,1407.8692626953125
83187292,1051.504150390625
83187294,1077.560546875
83187296,818.3843994140625
83187298,-393.316650390625
83187300,-2101.55859375
83187302,-1963.1646728515625
83187304,-488.7942810058594
83187306,1408.708251953125
83187308,1183.1856689453125
83187310,1162.5540771484375
83187312,987.3539428710938
83187314,482.3725891113281
83187316,-1292.5657958984375
83187318,-2132.08447265625
83187320,-1454.7689208984375
83187322,625.343994140625
83187324,1519.9700927734375
83187326,1105.494384765625
83187328,1198.0186767578125
83187330,881.8699951171875
83187332,-195.3914337158203
83187334,-1979.5802001953125
83187336,-1972.66845703125
83187338,-662.083740234375
83187340,1321.845458984375
83187342,1242.538330078125
83187344,1153.9974365234375
83187346,1087.1722412109375
83187348,567.4949951171875
83187350,-1166.0224609375
83187352,-2166.165771484375
83187354,-1535.57568359375
83187356,447.9589538574219
83187358,1557.2041015625
83187360,1064.62158203125
83187362,1228.7271728515625
83187364,897.6084594726562
83187366,-46.40546417236328
83187368,-1891.919921875
83187370,-1973.3995361328125
83187372,-808.847412109375
83187374,1267.9715576171875
83187376,1305.787109375
83187378,1182.94482421875
83187380,1094.1878662109375
83187382,618.2826538085938
83187384,-1003.8899536132812
83187386,-2161.617431640625
83187388,-1628.9306640625
83187390,270.4950256347656
83187392,1564.1033935546875
83187394,1068.6341552734375
83187396,1217.4456787109375
83187398,954.888427734375
83187400,74.33514404296875
83187402,-1792.92822265625
83187404,-2000.053955078125
83187406,-921.3013305664062
83187408,1200.1951904296875
83187410,1328.4208984375
83187412,1133.195556640625
83187414,1127.392822265625
83187416,699.5296020507812
83187418,-817.2088623046875
83187420,-2148.06787109375
83187422,-1692.68212890625
83187424,123.87252044677734
83187426,1539.1519775390625
83187428,1117.452880859375
83187430,1197.6739501953125
83187432,958.4523315429688
83187434,187.694580078125
83187436,-1710.896240234375
83187438,-2050.06494140625
83187440,-1061.485595703125
83187442,1039.5538330078125
83187444,1390.0662841796875
83187446,1104.900390625
83187448,1134.6160888671875
83187450,754.4003295898438
83187452,-680.360107421875
83187454,-2108.15478515625
83187456,-1797.455810546875
83187458,-95.96361541748047
83187460,1456.692138671875
83187462,1102.9771728515625
83187464,1214.28466796875
83187466,979.53662109375
83187468,299.7372741699219
83187470,-1600.9013671875
83187472,-2087.743408203125
83187474,-1201.9979248046875
83187476,937.6421508789062
83187478,1456.683837890625
83187480,1168.14501953125
83187482,1180.60205078125
83187484,837.3544921875
83187486,-518.140380859375
83187488,-2094.127685546875
83187490,-1818.083251953125
83187492,-241.39398193359375
83187494,1475.2801513671875
83187496,1150.80322265625
83187498,1188.9344482421875
83187500,998.8764038085938
83187502,369.39117431640625
83187504,-1521.6025390625
83187506,-2117.475830078125
83187508,-1298.0196533203125
83187510,774.9737548828125
83187512,1464.305908203125
83187514,1084.572021484375
83187516,1174.6829833984375
83187518,828.7770385742188
83187520,-353.61114501953125
83187522,-2038.326416015625
83187524,-1900.052978515625
83187526,-428.63165283203125
83187528,1436.6005859375
83187530,1222.9991455078125
83187532,1172.8719482421875
83187534,1011.5245361328125
83187536,482.8710632324219
83187538,-1334.3482666015625
83187540,-2164.24267578125
83187542,-1432.1768798828125
83187544,587.9230346679688
83187546,1492.7257080078125
83187548,1073.5521240234375
83187550,1199.6219482421875
83187552,839.2776489257812
83187554,-237.0657958984375
83187556,-1974.82421875
83187558,-1935.9951171875
83187560,-618.1455688476562
83187562,1336.08447265625
83187564,1224.64404296875
83187566,1202.3052978515625
83187568,1010.2949829101562
83187570,524.4498901367188
83187572,-1239.0740966796875
83187574,-2146.867431640625
83187576,-1553.528076171875
83187578,474.4680480957031
83187580,1501.660400390625
83187582,1047.4251708984375
83187584,1158.5748291015625
83187586,889.6083984375
83187588,-99.04983520507812
83187590,-1952.5062255859375
83187592,-1976.921875
83187594,-722.6367797851562
83187596,1282.966552734375
83187598,1280.6820068359375
83187600,1173.1627197265625
83187602,1047.4044189453125
83187604,618.7893676757812
83187606,-1016.4799194335938
83187608,-2122.435302734375
83187610,-1597.23779296875
83187612,310.2337341308594
83187614,1502.275146484375
83187616,1080.933349609375
83187618,1186.350830078125
83187620,882.4681396484375
83187622,23.626413345336914
83187624,-1862.9227294921875
83187626,-2000.7642822265625
83187628,-873.5625610351562
83187630,1209.732177734375
83187632,1311.0291748046875
83187634,1292.2750244140625
83187636,1394.4443359375
83187638,862.6672973632812
83187640,-738.5330810546875
83187642,-2001.212890625
83187644,-1527.455078125
83187646,206.30743408203125
83187648,1589.1795654296875
83187650,1129.28271484375
83187652,1292.4993896484375
83187654,994.0082397460938
83187656,192.55859375
83187658,-1734.9130859375
83187660,-2020.041748046875
83187662,-974.3029174804688
83187664,1119.8828125
83187666,1429.02001953125
83187668,1127.0396728515625
83187670,1141.2205810546875
83187672,792.5149536132812
83187674,-763.289306640625
83187676,-2119.818359375
83187678,-1730.1446533203125
83187680,-5.819375038146973
83187682,1543.9371337890625
83187684,1174.786865234375
83187686,1264.8148193359375
83187688,984.1140747070312
83187690,256.87908935546875
83187692,-1641.2049560546875
83187694,-2082.2978515625
83187696,-1171.70068359375
83187698,1019.2338256835938
83187700,1456.1688232421875
83187702,1149.9599609375
83187704,1146.50830078125
83187706,792.1785278320312
83187708,-577.0402221679688
83187710,-2116.059326171875
83187712,-1788.4256591796875
83187714,-177.1731719970703
83187716,1559.4637451171875
83187718,1187.4722900390625
83187720,1247.041015625
83187722,1007.5244750976562
83187724,411.6636657714844
83187726,-1529.7894287109375
83187728,-2124.051025390625
83187730,-1324.877685546875
83187732,816.124755859375
83187734,1466.378662109375
83187736,1112.0904541015625
83187738,1187.55126953125
83187740,823.1570434570312
83187742,-443.04510498046875
83187744,-2091.539794921875
83187746,-1864.1024169921875
83187748,-363.7379455566406
83187750,1459.8697509765625
83187752,1202.9034423828125
83187754,1234.907958984375
83187756,1049.913330078125
83187758,444.6069030761719
83187760,-1381.409912109375
83187762,-2138.73046875
83187764,-1392.5419921875
83187766,704.4517211914062
83187768,1512.4227294921875
83187770,1147.496826171875
83187772,1229.744873046875
83187774,842.6588134765625
83187776,-275.8200988769531
83187778,-2007.1278076171875
83187780,-1880.97900390625
83187782,-481.089111328125
83187784,1450.22900390625
83187786,1268.5323486328125
83187788,1210.02294921875
83187790,1085.564697265625
83187792,556.400390625
83187794,-1201.1048583984375
83187796,-2144.823974609375
83187798,-1476.3143310546875
83187800,563.9518432617188
83187802,1528.7510986328125
83187804,1077.4940185546875
83187806,1209.8817138671875
83187808,883.7807006835938
83187810,-160.10134887695312
83187812,-1960.788818359375
83187814,-1926.603515625
83187816,-653.9091796875
83187818,1321.0853271484375
83187820,1326.8714599609375
83187822,1218.1558837890625
83187824,1088.4390869140625
83187826,631.130126953125
83187828,-1078.3331298828125
83187830,-2169.4638671875
83187832,-1575.2147216796875
83187834,352.9714660644531
83187836,1537.8809814453125
83187838,1121.67724609375
83187840,1212.5816650390625
83187842,867.76806640625
83187844,-27.904754638671875
83187846,-1868.1689453125
83187848,-1977.18359375
83187850,-883.0579833984375
83187852,1255.045166015625
83187854,1290.9874267578125
83187856,1132.032470703125
83187858,1022.320068359375
83187860,647.9735107421875
83187862,-933.2640991210938
83187864,-2154.40234375
83187866,-1696.636474609375
83187868,220.85379028320312
83187870,1543.28076171875
83187872,1134.474853515625
83187874,1244.7647705078125
83187876,928.6492919921875
83187878,88.21275329589844
83187880,-1796.7039794921875
83187882,-2070.513671875
83187884,-973.6881713867188
83187886,1136.0367431640625
83187888,1351.3037109375
83187890,1097.4652099609375
83187892,1106.5535888671875
83187894,709.6522216796875
83187896,-796.033203125
83187898,-2184.458740234375
83187900,-1729.5631103515625
83187902,56.2041130065918
83187904,1545.594482421875
83187906,1140.5684814453125
83187908,1208.28662109375
83187910,967.9061889648438
83187912,173.9831085205078
83187914,-1679.236572265625
83187916,-2096.0673828125
83187918,-1139.0689697265625
83187920,983.2085571289062
83187922,1377.7755126953125
83187924,1113.8724365234375
83187926,1081.539794921875
83187928,754.72021484375
83187930,-625.7136840820312
83187932,-2138.40234375
83187934,-1807.6282958984375
83187936,-139.0502471923828
83187938,1502.17138671875
83187940,1124.2899169921875
83187942,1249.8115234375
83187944,1018.9223022460938
83187946,344.9797058105469
83187948,-1576.1077880859375
83187950,-2113.5380859375
83187952,-1270.8583984375
83187954,902.0031127929688
83187956,1428.8870849609375
83187958,1127.0147705078125
83187960,1163.91650390625
83187962,830.7334594726562
83187964,-469.25927734375
83187966,-2073.94873046875
83187968,-1845.6307373046875
83187970,-308.2565612792969
83187972,1516.244140625
83187974,1184.51904296875
83187976,1230.8040771484375
83187978,1048.9454345703125
83187980,403.5098876953125
83187982,-1398.5689697265625
83187984,-2078.14404296875
83187986,-1313.297119140625
83187988,755.5384521484375
83187990,1495.259521484375
83187992,1091.350830078125
83187994,1002.1952514648438
83187996,608.7166137695312
83187998,-474.1357727050781
83188000,-2229.26513671875
83188002,-2050.59228515625
83188004,-604.2803955078125
83188006,1351.897705078125
83188008,1152.2320556640625
83188010,1149.3203125
83188012,1004.8909912109375
83188014,477.9281005859375
83188016,-1316.62841796875
83188018,-2162.527099609375
83188020,-1443.8238525390625
83188022,599.1547241210938
83188024,1508.1236572265625
83188026,1094.079833984375
83188028,1219.74267578125
83188030,897.7455444335938
83188032,-192.259521484375
83188034,-1969.656982421875
83188036,-1920.8465576171875
83188038,-663.1761474609375
83188040,1339.6026611328125
83188042,1285.2220458984375
83188044,1197.4329833984375
83188046,1068.6217041015625
83188048,584.7827758789062
83188050,-1128.5557861328125
83188052,-2139.004638671875
83188054,-1528.69287109375
83188056,445.1510314941406
83188058,1571.181396484375
83188060,1139.6671142578125
83188062,1225.516357421875
83188064,935.5320434570312
83188066,-29.05533790588379
83188068,-1877.7142333984375
83188070,-1995.235595703125
83188072,-774.0433349609375
83188074,1238.907958984375
83188076,1311.9346923828125
83188078,1113.79345703125
83188080,1087.658203125
83188082,606.6854248046875
83188084,-1024.3511962890625
83188086,-2167.515625
83188088,-1653.6329345703125
83188090,238.0294647216797
83188092,1534.798828125
83188094,1127.2142333984375
83188096,1198.463134765625
83188098,943.7149047851562
83188100,92.1546401977539
83188102,-1812.5172119140625
83188104,-2008.7435302734375
83188106,-941.9038696289062
83188108,1165.9185791015625
83188110,1335.2786865234375
83188112,1157.0753173828125
83188114,1105.1495361328125
83188116,681.5065307617188
83188118,-875.6435546875
83188120,-2155.403564453125
83188122,-1713.1683349609375
83188124,81.10157012939453
83188126,1543.808349609375
83188128,1128.10302734375
83188130,1232.0294189453125
83188132,947.627685546875
83188134,193.89193725585938
83188136,-1725.5755615234375
83188138,-2089.1015625
83188140,-1061.493896484375
83188142,1066.000732421875
83188144,1363.5780029296875
83188146,1133.843505859375
83188148,1130.21728515625
83188150,749.0711059570312
83188152,-698.27099609375
83188154,-2129.392822265625
83188156,-1798.4859619140625
83188158,-107.91389465332031
83188160,1465.8968505859375
83188162,1108.231689453125
83188164,1206.675048828125
83188166,989.4806518554688
83188168,295.0186462402344
83188170,-1619.0032958984375
83188172,-2075.8720703125
83188174,-1171.9830322265625
83188176,903.9968872070312
83188178,1431.75732421875
83188180,1106.0966796875
83188182,1103.0352783203125
83188184,772.94677734375
83188186,-544.5206909179688
83188188,-2142.1904296875
83188190,-1879.147216796875
83188192,-318.67828369140625
83188194,1468.2021484375
83188196,1138.1593017578125
83188198,1213.084228515625
83188200,985.9956665039062
83188202,382.9613952636719
83188204,-1510.142333984375
83188206,-2107.502685546875
83188208,-1282.1068115234375
83188210,818.4384155273438
83188212,1478.17529296875
83188214,1111.313720703125
83188216,1200.560791015625
83188218,829.9940795898438
83188220,-348.7180480957031
83188222,-2072.141845703125
83188224,-1885.3736572265625
83188226,-448.299560546875
83188228,1417.223388671875
83188230,1207.6927490234375
83188232,1209.0052490234375
83188234,994.5025024414062
83188236,479.4857482910156
83188238,-1326.302490234375
83188240,-2150.2236328125
83188242,-1453.1448974609375
83188244,599.6033325195312
83188246,1485.1243896484375
83188248,1114.8402099609375
83188250,1197.553466796875
83188252,861.6288452148438
83188254,-241.83843994140625
83188256,-2004.65625
83188258,-1922.0885009765625
83188260,-604.0436401367188
83188262,1362.880126953125
83188264,1228.83935546875
83188266,1161.8438720703125
83188268,996.25537109375
83188270,512.703125
83188272,-1250.970458984375
83188274,-2175.12109375
83188276,-1559.7752685546875
83188278,478.76300048828125
83188280,1545.0751953125
83188282,1071.533447265625
83188284,1181.9935302734375
83188286,870.0111083984375
83188288,-112.69483184814453
83188290,-1958.5955810546875
83188292,-1975.80859375
83188294,-741.41162109375
83188296,1292.5699462890625
83188298,1288.2335205078125
83188300,1189.0008544921875
83188302,1086.97705078125
83188304,575.5075073242188
83188306,-1074.24169921875
83188308,-2221.115478515625
83188310,-1613.38330078125
83188312,266.5115966796875
83188314,1498.511962890625
83188316,1082.14208984375
83188318,1185.083984375
83188320,893.6624145507812
83188322,25.47066879272461
83188324,-1830.1539306640625
83188326,-2003.2191162109375
83188328,-899.660400390625
83188330,1172.8013916015625
83188332,1362.527099609375
83188334,1163.7420654296875
83188336,1083.122314453125
83188338,673.9010620117188
83188340,-884.777587890625
83188342,-2188.5751953125
83188344,-1704.545166015625
83188346,110.08629608154297
83188348,1539.243408203125
83188350,1113.9056396484375
83188352,1277.2677001953125
83188354,1193.981201171875
83188356,350.5290832519531
83188358,-1601.3292236328125
83188360,-1915.87451171875
83188362,-899.1744384765625
83188364,1224.4405517578125
83188366,1492.22314453125
83188368,1225.6700439453125
83188370,1145.1707763671875
83188372,781.2334594726562
83188374,-713.9263916015625
83188376,-2122.82568359375
83188378,-1719.71044921875
83188380,38.36384582519531
83188382,1557.55712890625
83188384,1137.9224853515625
83188386,1214.4632568359375
83188388,980.9114990234375
83188390,270.91455078125
83188392,-1681.7412109375
83188394,-2077.853271484375
83188396,-1182.8575439453125
83188398,982.236572265625
83188400,1412.911865234375
83188402,1130.2755126953125
83188404,1163.85009765625
83188406,768.2696533203125
83188408,-580.138916015625
83188410,-2129.550537109375
83188412,-1798.4361572265625
83188414,-173.7961883544922
83188416,1450.3203125
83188418,1171.5469970703125
83188420,1157.6610107421875
83188422,960.4461059570312
83188424,347.6422424316406
83188426,-1596.004150390625
83188428,-2153.824951171875
83188430,-1344.64111328125
83188432,789.079833984375
83188434,1433.1114501953125
83188436,1103.807861328125
83188438,1168.0328369140625
83188440,832.3865966796875
83188442,-456.3827209472656
83188444,-2084.216796875
83188446,-1854.307861328125
83188448,-335.8041076660156
83188450,1457.813720703125
83188452,1207.0654296875
83188454,1232.6109619140625
83188456,1063.8656005859375
83188458,472.1128845214844
83188460,-1358.7554931640625
83188462,-2104.740478515625
83188464,-1407.5950927734375
83188466,695.7455444335938
83188468,1481.7017822265625
83188470,1077.7598876953125
83188472,1186.089111328125
83188474,904.2295532226562
83188476,-292.2356262207031
83188478,-2044.1749267578125
83188480,-1929.3741455078125
83188482,-559.1002807617188
83188484,1417.821533203125
83188486,1237.736572265625
83188488,1241.5123291015625
83188490,1039.7906494140625
83188492,531.7022705078125
83188494,-1227.2691650390625
83188496,-2140.109375
83188498,-1482.0465087890625
83188500,520.894287109375
83188502,1516.1070556640625
83188504,1111.9658203125
83188506,1204.33642578125
83188508,874.2146606445312
83188510,-146.82186889648438
83188512,-1968.107666015625
83188514,-1954.724365234375
83188516,-701.4943237304688
83188518,1325.9244384765625
83188520,1295.35302734375
83188522,1165.5987548828125
83188524,1077.9716796875
83188526,630.3492431640625
83188528,-1096.0113525390625
83188530,-2131.39501953125
83188532,-1553.7191162109375
83188534,368.6227111816406
83188536,1516.9503173828125
83188538,1089.19921875
83188540,1205.1630859375
83188542,945.4179077148438
83188544,-23.248424530029297
83188546,-1925.1788330078125
83188548,-1992.78076171875
83188550,-860.5198364257812
83188552,1197.2003173828125
83188554,1336.69921875
83188556,1190.4007568359375
83188558,1133.453125
83188560,717.2410888671875
83188562,-942.9464111328125
83188564,-2164.321533203125
83188566,-1642.1063232421875
83188568,204.08518981933594
83188570,1533.5985107421875
83188572,1086.407958984375
83188574,1196.701904296875
83188576,950.5062255859375
83188578,94.29796600341797
83188580,-1843.3919677734375
83188582,-2077.255126953125
83188584,-1034.768798828125
83188586,1111.018798828125
83188588,1405.2357177734375
83188590,1172.140869140625
83188592,1113.108154296875
83188594,714.698974609375
83188596,-760.0577392578125
83188598,-2152.446044921875
83188600,-1731.51953125
83188602,20.82264518737793
83188604,1559.1107177734375
83188606,1146.26318359375
83188608,1233.3211669921875
83188610,960.5707397460938
83188612,256.86663818359375
83188614,-1663.6517333984375
83188616,-2095.94287109375
83188618,-1103.683349609375
83188620,1030.261962890625
83188622,1395.0341796875
83188624,1121.041748046875
83188626,1159.98291015625
83188628,802.741455078125
83188630,-642.7605590820312
83188632,-2132.31298828125
83188634,-1824.0313720703125
83188636,-115.93058776855469
83188638,1546.1385498046875
83188640,1161.8314208984375
83188642,1244.0087890625
83188644,974.2904663085938
83188646,349.19158935546875
83188648,-1537.9888916015625
83188650,-2081.089111328125
83188652,-1230.01904296875
83188654,861.6122436523438
83188656,1442.6068115234375
83188658,1099.8868408203125
83188660,1142.24658203125
83188662,803.64697265625
83188664,-459.6351013183594
83188666,-2091.27392578125
83188668,-1828.5257568359375
83188670,-306.7155456542969
83188672,1479.81591796875
83188674,1218.49658203125
83188676,1190.8035888671875
83188678,1048.496826171875
83188680,370.03082275390625
83188682,-1449.8260498046875
83188684,-2144.192626953125
83188686,-1345.6214599609375
83188688,757.511474609375
83188690,1498.2003173828125
83188692,1134.06787109375
83188694,1181.50341796875
83188696,829.7033081054688
83188698,-307.7872009277344
83188700,-2052.34521484375
83188702,-1886.711181640625
83188704,-484.9977722167969
83188706,1429.33984375
83188708,1236.2911376953125
83188710,1197.3831787109375
83188712,901.3800659179688
83188714,218.79354858398438
83188716,-1462.5821533203125
83188718,-2313.577392578125
83188720,-1605.474609375
83188722,470.2893981933594
83188724,1415.5494384765625
83188726,1019.3626098632812
83188728,1113.6854248046875
83188730,761.2996826171875
83188732,-257.6973876953125
83188734,-2047.8634033203125
83188736,-1994.1141357421875
83188738,-692.1234741210938
83188740,1305.7996826171875
83188742,1214.7166748046875
83188744,1172.5438232421875
83188746,1050.324462890625
83188748,554.880126953125
83188750,-1164.0577392578125
83188752,-2181.754638671875
83188754,-1567.9913330078125
83188756,410.88275146484375
83188758,1538.9111328125
83188760,1074.24169921875
83188762,1215.505859375
83188764,917.6336059570312
83188766,-66.35582733154297
83188768,-1937.8809814453125
83188770,-1987.0985107421875
83188772,-801.4620971679688
83188774,1241.8197021484375
83188776,1272.83984375
83188778,1158.2093505859375
83188780,1085.506591796875
83188782,672.729736328125
83188784,-1003.4371948242188
83188786,-2143.777099609375
83188788,-1640.2620849609375
83188790,232.64207458496094
83188792,1474.84814453125
83188794,1104.929443359375
83188796,1164.7431640625
83188798,898.9750366210938
83188800,74.96650695800781
83188802,-1835.4375
83188804,-2010.936767578125
83188806,-952.3878784179688
83188808,1181.4619140625
83188810,1308.0592041015625
83188812,1140.1572265625
83188814,1115.7415771484375
83188816,726.7074584960938
83188818,-807.7757568359375
83188820,-2129.4716796875
83188822,-1697.9781494140625
83188824,104.5119857788086
83188826,1515.1185302734375
83188828,1128.1239013671875
83188830,1213.8070068359375
83188832,923.4197387695312
83188834,170.46490478515625
83188836,-1734.4852294921875
83188838,-2086.480712890625
83188840,-1064.0775146484375
83188842,1082.73193359375
83188844,1372.15966796875
83188846,1136.892333984375
83188848,1139.0648193359375
83188850,739.883056640625
83188852,-721.947265625
83188854,-2159.282958984375
83188856,-1791.7777099609375
83188858,-91.04559326171875
83188860,1523.74169921875
83188862,1118.7073974609375
83188864,1200.02490234375
83188866,966.444091796875
83188868,323.54229736328125
83188870,-1556.7596435546875
83188872,-2080.2333984375
83188874,-1182.8907470703125
83188876,936.080322265625
83188878,1451.0181884765625
83188880,1140.481201171875
83188882,1125.901611328125
83188884,766.7036743164062
83188886,-546.0243530273438
83188888,-2125.426025390625
83188890,-1836.563232421875
83188892,-234.03358459472656
83188894,1446.5072021484375
83188896,1178.0267333984375
83188898,1197.275146484375
83188900,1039.1551513671875
83188902,390.51287841796875
83188904,-1506.117431640625
83188906,-2126.884033203125
83188908,-1321.0147705078125
83188910,809.1298828125
83188912,1473.8636474609375
83188914,1120.6263427734375
83188916,1170.491943359375
83188918,858.5675659179688
83188920,-388.83477783203125
83188922,-2067.42333984375
83188924,-1870.0546875
83188926,-436.08343505859375
83188928,1396.87841796875
83188930,1171.3392333984375
83188932,1160.207275390625
83188934,1030.2080078125
83188936,500.3914794921875
83188938,-1336.030517578125
83188940,-2149.0234375
83188942,-1431.5496826171875
83188944,634.8477172851562
83188946,1496.227294921875
83188948,1088.800537109375
83188950,1189.619873046875
83188952,874.2271118164062
83188954,-249.5643768310547
83188956,-2007.7052001953125
83188958,-1905.6688232421875
83188960,-583.6903686523438
83188962,1344.0804443359375
83188964,1203.7216796875
83188966,1165.7774658203125
83188968,1048.5716552734375
83188970,548.7034912109375
83188972,-1206.5794677734375
83188974,-2168.109619140625
83188976,-1582.5211181640625
83188978,463.86358642578125
83188980,1532.1571044921875
83188982,1072.6217041015625
83188984,1196.5648193359375
83188986,921.0064086914062
83188988,-63.15330123901367
83188990,-1979.30615234375
83188992,-1983.302001953125
83188994,-709.0706787109375
83188996,1308.5743408203125
83188998,1268.4991455078125
83189000,1199.0279541015625
83189002,1085.3695068359375
83189004,594.1868286132812
83189006,-1058.4658203125
83189008,-2177.293701171875
83189010,-1639.6182861328125
83189012,304.10284423828125
83189014,1560.3153076171875
83189016,1125.4364013671875
83189018,1265.379638671875
83189020,928.8777465820312
83189022,37.819705963134766
83189024,-1845.406494140625
83189026,-2015.6097412109375
83189028,-862.6423950195312
83189030,1217.1134033203125
83189032,1319.1580810546875
83189034,1126.1341552734375
83189036,1086.2335205078125
83189038,662.756591796875
83189040,-880.3663330078125
83189042,-2189.966552734375
83189044,-1694.0943603515625
83189046,86.18157958984375
83189048,1499.8909912109375
83189050,1108.4351806640625
83189052,1211.821533203125
83189054,924.7073974609375
83189056,89.82440185546875
83189058,-1767.14599609375
83189060,-2059.419189453125
83189062,-1007.0135498046875
83189064,1096.8961181640625
83189066,1397.17333984375
83189068,1090.449462890625
83189070,1125.1165771484375
83189072,894.2730102539062
83189074,-494.38104248046875
83189076,-1993.32080078125
83189078,-1610.359375
83189080,102.48497009277344
83189082,1643.3109130859375
83189084,1222.7042236328125
83189086,1289.953125
83189088,1061.4814453125
83189090,311.40924072265625
83189092,-1614.1475830078125
83189094,-2055.80126953125
83189096,-1130.84033203125
83189098,1005.4517822265625
83189100,1456.5426025390625
83189102,1154.3297119140625
83189104,1175.76708984375
83189106,800.7850341796875
83189108,-533.5341186523438
83189110,-2117.803955078125
83189112,-1839.1427001953125
83189114,-205.80484008789062
83189116,1509.15380859375
83189118,1176.099365234375
83189120,1208.1412353515625
83189122,983.4951171875
83189124,338.27142333984375
83189126,-1536.4478759765625
83189128,-2143.611083984375
83189130,-1309.6875
83189132,843.8342895507812
83189134,1465.5853271484375
83189136,1097.4901123046875
83189138,1169.4368896484375
83189140,852.1832885742188
83189142,-430.8206787109375
83189144,-2092.91064453125
83189146,-1877.639404296875
83189148,-365.3828125
83189150,1458.4326171875
83189152,1208.44873046875
83189154,1218.4342041015625
83189156,1021.6471557617188
83189158,479.52313232421875
83189160,-1446.64013671875
83189162,-2177.231201171875
83189164,-1426.9805908203125
83189166,689.0746459960938
83189168,1441.7802734375
83189170,1099.130859375
83189172,1165.656982421875
83189174,868.1419067382812
83189176,-283.75372314453125
83189178,-2045.4915771484375
83189180,-1925.008544921875
83189182,-519.4570922851562
83189184,1394.0081787109375
83189186,1264.5863037109375
83189188,1195.2647705078125
83189190,1066.673583984375
83189192,541.1976928710938
83189194,-1221.61181640625
83189196,-2166.04541015625
83189198,-1510.8568115234375
83189200,535.8892822265625
83189202,1552.2071533203125
83189204,1110.192138671875
83189206,1221.7198486328125
83189208,917.886962890625
83189210,-154.16566467285156
83189212,-1985.52001953125
83189214,-1987.314453125
83189216,-733.523681640625
83189218,1350.68896484375
83189220,1263.232177734375
83189222,1204.8349609375
83189224,1063.1429443359375
83189226,611.5784912109375
83189228,-1078.524169921875
83189230,-2177.8583984375
83189232,-1586.8450927734375
83189234,340.6805725097656
83189236,1527.09375
83189238,1091.7496337890625
83189240,1241.998291015625
83189242,931.851806640625
83189244,8.070696830749512
83189246,-1921.685546875
83189248,-2040.19970703125
83189250,-837.1177368164062
83189252,1268.9892578125
83189254,1355.9808349609375
83189256,1166.321533203125
83189258,1111.59619140625
83189260,666.64453125
83189262,-989.6759033203125
83189264,-2185.23974609375
83189266,-1701.0643310546875
83189268,222.51113891601562
83189270,1561.3162841796875
83189272,1150.171875
83189274,1247.5020751953125
83189276,939.5195922851562
83189278,94.6427230834961
83189280,-1795.5242919921875
83189282,-2041.7698974609375
83189284,-988.7413330078125
83189286,1120.215087890625
83189288,1341.517578125
83189290,1177.7359619140625
83189292,1144.13232421875
83189294,726.8901977539062
83189296,-751.430419921875
83189298,-2171.075439453125
83189300,-1738.568359375
83189302,8.855751037597656
83189304,1560.174072265625
83189306,1161.100341796875
83189308,1256.7398681640625
83189310,959.8189086914062
83189312,261.5478820800781
83189314,-1694.4058837890625
83189316,-2107.756103515625
83189318,-1119.1268310546875
83189320,1033.884033203125
83189322,1423.63671875
83189324,1146.4127197265625
83189326,1169.37451171875
83189328,764.2820434570312
83189330,-673.5189208984375
83189332,-2129.899658203125
83189334,-1793.23974609375
83189336,-115.92227935791016
83189338,1546.1634521484375
83189340,1213.8734130859375
83189342,1228.6357421875
83189344,1015.329345703125
83189346,345.6110534667969
83189348,-1564.722412109375
83189350,-2093.463134765625
83189352,-1238.0689697265625
83189354,891.0787963867188
83189356,1517.71044921875
83189358,1125.7313232421875
83189360,1188.3114013671875
83189362,822.172607421875
83189364,-468.648681640625
83189366,-2085.874267578125
83189368,-1889.1826171875
83189370,-310.2919006347656
83189372,1484.6883544921875
83189374,1195.194091796875
83189376,1236.6982421875
83189378,1029.93798828125
83189380,445.57470703125
83189382,-1455.495849609375
83189384,-2159.26220703125
83189386,-1354.323486328125
83189388,763.4970092773438
83189390,1494.1754150390625
83189392,1166.034912109375
83189394,1188.3446044921875
83189396,834.5756225585938
83189398,-367.13983154296875
83189400,-2073.271728515625
83189402,-1862.71923828125
83189404,-471.5853576660156
83189406,1390.72265625
83189408,1229.21728515625
83189410,1228.3076171875
83189412,1073.0869140625
83189414,538.6805419921875
83189416,-1269.27587890625
83189418,-2164.29248046875
83189420,-1463.5001220703125
83189422,616.0313110351562
83189424,1553.7398681640625
83189426,1143.23095703125
83189428,1201.266845703125
83189430,849.0015258789062
83189432,-408.6563720703125
83189434,-2194.15771484375
83189436,-2110.89208984375
83189438,-783.5595092773438
83189440,1248.26220703125
83189442,1181.83154296875
83189444,1114.1922607421875
83189446,1015.8153076171875
83189448,542.11572265625
83189450,-1191.588623046875
83189452,-2202.0166015625
83189454,-1571.206298828125
83189456,424.5817565917969
83189458,1520.393798828125
83189460,1091.853515625
83189462,1229.179931640625
83189464,914.4144897460938
83189466,-64.30803680419922
83189468,-1916.543212890625
83189470,-2000.5440673828125
83189472,-788.2906494140625
83189474,1311.0457763671875
83189476,1317.903564453125
83189478,1167.3184814453125
83189480,1091.1307373046875
83189482,661.780517578125
83189484,-1014.2161254882812
83189486,-2143.195556640625
83189488,-1648.5030517578125
83189490,303.733154296875
83189492,1546.7034912109375
83189494,1132.236083984375
83189496,1231.2110595703125
83189498,946.7761840820312
83189500,108.93986511230469
83189502,-1861.8095703125
83189504,-2035.3690185546875
83189506,-938.5601196289062
83189508,1163.7752685546875
83189510,1327.353271484375
83189512,1132.3564453125
83189514,1135.583984375
83189516,741.5528564453125
83189518,-834.8414916992188
83189520,-2151.087646484375
83189522,-1714.0780029296875
83189524,108.83602142333984
83189526,1560.236328125
83189528,1157.569580078125
83189530,1231.672119140625
83189532,955.1210327148438
83189534,197.48907470703125
83189536,-1693.7745361328125
83189538,-2004.9969482421875
83189540,-1064.854248046875
83189542,1092.9915771484375
83189544,1400.463134765625
83189546,1117.361572265625
83189548,1154.470947265625
83189550,785.6447143554688
83189552,-661.7098999023438
83189554,-2120.557861328125
83189556,-1771.386962890625
83189558,-52.76482391357422
83189560,1562.2467041015625
83189562,1134.989990234375
83189564,1215.854736328125
83189566,1002.5524291992188
83189568,295.1723327636719
83189570,-1612.855712890625
83189572,-2112.354248046875
83189574,-1258.8084716796875
83189576,912.420654296875
83189578,1447.9901123046875
83189580,1111.8619384765625
83189582,1160.248779296875
83189584,802.2928466796875
83189586,-561.9414672851562
83189588,-2155.839599609375
83189590,-1836.1021728515625
83189592,-234.4697265625
83189594,1522.1839599609375
83189596,1179.090087890625
83189598,1205.51611328125
83189600,1012.3760375976562
83189602,400.61474609375
83189604,-1502.798583984375
83189606,-2120.7197265625
83189608,-1354.1739501953125
83189610,772.344482421875
83189612,1454.1002197265625
83189614,1087.2427978515625
83189616,1151.397216796875
83189618,829.0345458984375
83189620,-401.00518798828125
83189622,-2081.309326171875
83189624,-1905.6771240234375
83189626,-450.6048889160156
83189628,1444.7418212890625
83189630,1213.67822265625
83189632,1207.912841796875
83189634,995.7984619140625
83189636,469.541748046875
83189638,-1356.167724609375
83189640,-2156.633056640625
83189642,-1403.0841064453125
83189644,658.4242553710938
83189646,1478.1544189453125
83189648,1099.3052978515625
83189650,1166.1719970703125
83189652,853.0846557617188
83189654,-258.6195068359375
83189656,-2003.8629150390625
83189658,-1956.53125
83189660,-603.2420043945312
83189662,1376.12646484375
83189664,1232.23291015625
83189666,1187.609375
83189668,1078.843994140625
83189670,564.8905639648438
83189672,-1225.1466064453125
83189674,-2175.5947265625
83189676,-1533.83935546875
83189678,456.5488586425781
83189680,1507.2471923828125
83189682,1112.215087890625
83189684,1207.7093505859375
83189686,901.0228271484375
83189688,-113.34696960449219
83189690,-1968.0162353515625
83189692,-2023.5765380859375
83189694,-782.1970825195312
83189696,1290.1400146484375
83189698,1278.040283203125
83189700,1142.54150390625
83189702,1045.36083984375
83189704,589.87109375
83189706,-1086.9229736328125
83189708,-2195.366455078125
83189710,-1634.1561279296875
83189712,310.8194274902344
83189714,1497.905517578125
83189716,1107.1683349609375
83189718,1218.6253662109375
83189720,915.71875
83189722,2.3468570709228516
83189724,-1862.9268798828125
83189726,-2097.55859375
83189728,-929.11865234375
83189730,1169.573974609375
83189732,1349.783447265625
83189734,1181.544921875
83189736,1088.6427001953125
83189738,712.25244140625
83189740,-946.8259887695312
83189742,-2193.4599609375
83189744,-1677.188720703125
83189746,141.9412384033203
83189748,1503.09765625
83189750,1132.4312744140625
83189752,1205.757080078125
83189754,925.0936889648438
83189756,109.96583557128906
83189758,-1763.2623291015625
83189760,-2016.058349609375
83189762,-1008.5172119140625
83189764,1094.27099609375
83189766,1411.0010986328125
83189768,1139.7252197265625
83189770,1138.325439453125
83189772,722.0427856445312
83189774,-783.9749145507812
83189776,-2154.19482421875
83189778,-1788.28857421875
83189780,-35.73038101196289
83189782,1502.1297607421875
83189784,1148.061767578125
83189786,1200.955322265625
83189788,964.9736328125
83189790,341.5819396972656
83189792,-1374.8055419921875
83189794,-1968.5936279296875
83189796,-986.3071899414062
83189798,1069.5147705078125
83189800,1578.720458984375
83189802,1244.4532470703125
83189804,1219.140380859375
83189806,888.2667236328125
83189808,-543.8976440429688
83189810,-2066.06494140625
83189812,-1768.574951171875
83189814,-192.6208953857422
83189816,1530.155029296875
83189818,1172.631103515625
83189820,1233.3502197265625
83189822,1004.3800659179688
83189824,349.80633544921875
83189826,-1541.8560791015625
83189828,-2113.982421875
83189830,-1266.50537109375
83189832,866.7379760742188
83189834,1482.6737060546875
83189836,1106.0633544921875
83189838,1216.2576904296875
83189840,822.205810546875
83189842,-465.7410583496094
83189844,-2121.870361328125
83189846,-1902.283447265625
83189848,-393.7777099609375
83189850,1465.4482421875
83189852,1175.3392333984375
83189854,1180.9884033203125
83189856,981.1649169921875
83189858,457.4668273925781
83189860,-1405.4144287109375
83189862,-2177.40576171875
83189864,-1372.7744140625
83189866,714.341796875
83189868,1519.3968505859375
83189870,1119.1143798828125
83189872,1207.4185791015625
83189874,844.955810546875
83189876,-261.1491394042969
83189878,-2060.092041015625
83189880,-1912.7508544921875
83189882,-525.9161376953125
83189884,1400.8203125
83189886,1199.750732421875
83189888,1210.052001953125
83189890,1042.415771484375
83189892,532.9608764648438
83189894,-1248.06689453125
83189896,-2169.239501953125
83189898,-1466.2830810546875
83189900,579.806640625
83189902,1559.4844970703125
83189904,1096.6302490234375
83189906,1180.656005859375
83189908,894.5471801757812
83189910,-152.69940185546875
83189912,-1977.25
83189914,-1970.1387939453125
83189916,-656.5301513671875
83189918,1352.43359375
83189920,1266.509521484375
83189922,1182.678955078125
83189924,1059.961181640625
83189926,572.9696044921875
83189928,-1130.6658935546875
83189930,-2154.26123046875
83189932,-1554.537353515625
83189934,380.8180847167969
83189936,1513.3572998046875
83189938,1085.15771484375
83189940,1211.8173828125
83189942,919.378173828125
83189944,-21.063562393188477
83189946,-1908.929443359375
83189948,-2058.642333984375
83189950,-834.5714721679688
83189952,1286.3768310546875
83189954,1332.8238525390625
83189956,1163.3017578125
83189958,1137.8353271484375
83189960,676.056884765625
83189962,-942.0990600585938
83189964,-2185.858642578125
83189966,-1655.236328125
83189968,238.7771453857422
83189970,1519.3387451171875
83189972,1111.05615234375
83189974,1237.7490234375
83189976,916.3251953125
83189978,93.73306274414062
83189980,-1800.720703125
83189982,-2080.30810546875
83189984,-1006.4694213867188
83189986,1165.1710205078125
83189988,1370.12841796875
83189990,1173.3662109375
83189992,1103.0269775390625
83189994,709.8557739257812
83189996,-764.8718872070312
83189998,-2146.5810546875
83190000,-1717.7830810546875
83190002,86.63848876953125
83190004,1558.969482421875
83190006,1157.2913818359375
83190008,1212.6812744140625
83190010,991.9022827148438
83190012,255.19683837890625
83190014,-1715.6148681640625
83190016,-2039.830078125
83190018,-1111.7540283203125
83190020,1039.2880859375
83190022,1381.8502197265625
83190024,1129.7437744140625
83190026,1111.691650390625
83190028,811.3479614257812
83190030,-653.2362670898438
83190032,-2133.720947265625
83190034,-1801.8712158203125
83190036,-105.98240661621094
83190038,1521.681396484375
83190040,1140.0782470703125
83190042,1228.26611328125
83190044,978.1160888671875
83190046,332.4063415527344
83190048,-1606.8287353515625
83190050,-2097.865966796875
83190052,-1278.5262451171875
83190054,860.461669921875
83190056,1444.563232421875
83190058,1139.4842529296875
83190060,1188.1494140625
83190062,793.02587890625
83190064,-506.912841796875
83190066,-2062.61328125
83190068,-1835.765625
83190070,-281.8139343261719
83190072,1509.149658203125
83190074,1185.19189453125
83190076,1227.2774658203125
83190078,1051.43359375
83190080,432.195556640625
83190082,-1419.30029296875
83190084,-2101.720703125
83190086,-1357.2020263671875
83190088,765.3246459960938
83190090,1496.0694580078125
83190092,1100.638671875
83190094,1188.818115234375
83190096,837.0595703125
83190098,-337.1623840332031
83190100,-2004.7684326171875
83190102,-1893.69775390625
83190104,-463.9549560546875
83190106,1404.2305908203125
83190108,1204.830810546875
83190110,1237.5787353515625
83190112,1068.559326171875
83190114,506.6594543457031
83190116,-1285.35498046875
83190118,-2128.865234375
83190120,-1445.2611083984375
83190122,632.5465698242188
83190124,1523.455078125
83190126,1122.7779541015625
83190128,1186.01025390625
83190130,884.7069702148438
83190132,-185.9790802001953
83190134,-2027.74267578125
83190136,-1939.3680419921875
83190138,-565.0234985351562
83190140,1394.2200927734375
83190142,1251.373291015625
83190144,1167.5302734375
83190146,1015.67822265625
83190148,599.0591430664062
83190150,-1268.7401123046875
83190152,-2449.533203125
83190154,-1677.5584716796875
83190156,272.99139404296875
83190158,1348.865478515625
83190160,997.3644409179688
83190162,1069.697509765625
83190164,784.2573852539062
83190166,-126.66382598876953
83190168,-1990.1639404296875
83190170,-2043.539306640625
83190172,-844.8187255859375
83190174,1237.1551513671875
83190176,1294.2314453125
83190178,1154.774169921875
83190180,1098.6531982421875
83190182,637.6556396484375
83190184,-1036.023193359375
83190186,-2186.33203125
83190188,-1649.0057373046875
83190190,290.046630859375
83190192,1533.6690673828125
83190194,1119.4134521484375
83190196,1245.7574462890625
83190198,947.282958984375
83190200,46.76268768310547
83190202,-1841.24853515625
83190204,-2033.076171875
83190206,-940.8031005859375
83190208,1168.6019287109375
83190210,1321.56298828125
83190212,1170.525146484375
83190214,1089.2574462890625
83190216,746.6453247070312
83190218,-820.3158569335938
83190220,-2125.305419921875
83190222,-1663.6517333984375
83190224,99.63966369628906
83190226,1586.7537841796875
83190228,1128.5557861328125
83190230,1244.735595703125
83190232,966.4066772460938
83190234,213.22755432128906
83190236,-1680.7900390625
83190238,-2014.978271484375
83190240,-1035.6202392578125
83190242,1122.6907958984375
83190244,1360.724365234375
83190246,1144.46044921875
83190248,1114.8900146484375
83190250,750.7118530273438
83190252,-712.829833984375
83190254,-2134.67626953125
83190256,-1734.933837890625
83190258,-21.21725082397461
83190260,1560.1531982421875
83190262,1186.8658447265625
83190264,1222.0479736328125
83190266,990.427734375
83190268,330.99407958984375
83190270,-1604.1080322265625
83190272,-2074.3974609375
83190274,-1177.3455810546875
83190276,931.3035278320312
83190278,1450.1251220703125
83190280,1122.1134033203125
83190282,1138.5662841796875
83190284,774.5501098632812
83190286,-570.8262939453125
83190288,-2130.97119140625
83190290,-1827.4332275390625
83190292,-253.5478057861328
83190294,1465.3153076171875
83190296,1165.773193359375
83190298,1222.5755615234375
83190300,1029.7427978515625
83190302,387.8835754394531
83190304,-1508.58056640625
83190306,-2066.214599609375
83190308,-1309.380126953125
83190310,811.6470336914062
83190312,1479.6207275390625
83190314,1083.998779296875
83190316,1159.57177734375
83190318,813.3334350585938
83190320,-417.7613525390625
83190322,-2051.643310546875
83190324,-1910.3209228515625
83190326,-380.35284423828125
83190328,1412.567138671875
83190330,1185.8607177734375
83190332,1177.9561767578125
83190334,1015.2753295898438
83190336,455.9175109863281
83190338,-1401.966796875
83190340,-2116.41650390625
83190342,-1428.9619140625
83190344,700.0238647460938
83190346,1459.2384033203125
83190348,1113.0791015625
83190350,1127.426025390625
83190352,839.1281127929688
83190354,-280.8128662109375
83190356,-2036.6483154296875
83190358,-1979.738037109375
83190360,-559.9434814453125
83190362,1360.944580078125
83190364,1205.0633544921875
83190366,1140.202880859375
83190368,1020.0936279296875
83190370,536.6078491210938
83190372,-1216.8931884765625
83190374,-2135.095947265625
83190376,-1516.23583984375
83190378,510.0613708496094
83190380,1532.7178955078125
83190382,1091.4962158203125
83190384,1196.66455078125
83190386,858.4055786132812
83190388,-120.78630065917969
83190390,-1934.41259765625
83190392,-1957.78564453125
83190394,-725.7063598632812
83190396,1268.4825439453125
83190398,1260.6153564453125
83190400,1119.911865234375
83190402,1054.461669921875
83190404,602.7850952148438
83190406,-1118.4373779296875
83190408,-2158.8759765625
83190410,-1610.6376953125
83190412,319.3345642089844
83190414,1534.8031005859375
83190416,1082.84814453125
83190418,1175.2935791015625
83190420,908.3458862304688
83190422,-10.114331245422363
83190424,-1863.7369384765625
83190426,-1981.3953857421875
83190428,-855.4688720703125
83190430,1204.8349609375
83190432,1310.7425537109375
83190434,1146.1717529296875
83190436,1083.5128173828125
83190438,663.8947143554688
83190440,-936.063720703125
83190442,-2161.422119140625
83190444,-1696.8275146484375
83190446,128.39593505859375
83190448,1519.895263671875
83190450,1081.926025390625
83190452,1187.6883544921875
83190454,892.4661865234375
83190456,162.1366729736328
83190458,-1762.3526611328125
83190460,-2028.7603759765625
83190462,-1026.1829833984375
83190464,1120.2899169921875
83190466,1381.6923828125
83190468,1158.8780517578125
83190470,1115.9742431640625
83190472,700.119384765625
83190474,-838.2101440429688
83190476,-2214.552490234375
83190478,-1799.90234375
83190480,-18.263948440551758
83190482,1472.3641357421875
83190484,1117.2493896484375
83190486,1229.4375
83190488,960.0888671875
83190490,256.3640441894531
83190492,-1662.4263916015625
83190494,-2123.781005859375
83190496,-1168.788818359375
83190498,1020.23486328125
83190500,1413.788330078125
83190502,1138.063720703125
83190504,1150.749267578125
83190506,798.529541015625
83190508,-620.5921020507812
83190510,-1976.6435546875
83190512,-1592.3197021484375
83190514,16.702146530151367
83190516,1648.91845703125
83190518,1270.559326171875
83190520,1331.87255859375
83190522,1094.37060546875
83190524,421.81121826171875
83190526,-1443.981689453125
83190528,-2092.9853515625
83190530,-1254.65478515625
83190532,911.5068359375
83190534,1537.47802734375
83190536,1148.75537109375
83190538,1225.26708984375
83190540,806.5089111328125
83190542,-453.3587951660156
83190544,-2110.609619140625
83190546,-1881.884521484375
83190548,-342.21746826171875
83190550,1460.384765625
83190552,1209.3250732421875
83190554,1248.939208984375
83190556,1025.123779296875
83190558,449.60797119140625
83190560,-1445.9090576171875
83190562,-2151.9599609375
83190564,-1412.322021484375
83190566,737.8186645507812
83190568,1483.678955078125
83190570,1069.73486328125
83190572,1175.67578125
83190574,833.2423095703125
83190576,-315.04791259765625
83190578,-2082.67578125
83190580,-1949.299560546875
83190582,-505.5545654296875
83190584,1402.552490234375
83190586,1196.7808837890625
83190588,1164.5977783203125
83190590,1016.2098999023438
83190592,538.0491943359375
83190594,-1277.9903564453125
83190596,-2161.5966796875
83190598,-1519.9202880859375
83190600,566.157470703125
83190602,1498.61572265625
83190604,1073.2821044921875
83190606,1208.0997314453125
83190608,895.09130859375
83190610,-177.87100219726562
83190612,-1993.424560546875
83190614,-1997.6988525390625
83190616,-719.9742431640625
83190618,1330.040771484375
83190620,1250.775146484375
83190622,1191.9791259765625
83190624,1049.996337890625
83190626,591.5534057617188
83190628,-1119.80810546875
83190630,-2153.484375
83190632,-1583.1773681640625
83190634,416.8724365234375
83190636,1562.5665283203125
83190638,1098.6905517578125
83190640,1171.6424560546875
83190642,906.7425537109375
83190644,-19.54745101928711
83190646,-1903.2969970703125
83190648,-2017.36669921875
83190650,-828.835205078125
83190652,1278.1815185546875
83190654,1333.1934814453125
83190656,1166.89892578125
83190658,1095.267822265625
83190660,645.8135375976562
83190662,-942.0700073242188
83190664,-2208.9326171875
83190666,-1682.1317138671875
83190668,242.48641967773438
83190670,1584.6685791015625
83190672,1124.9005126953125
83190674,1209.77783203125
83190676,935.777099609375
83190678,96.44129180908203
83190680,-1822.33251953125
83190682,-2047.7969970703125
83190684,-959.6319580078125
83190686,1125.947265625
83190688,1324.5205078125
83190690,1194.3883056640625
83190692,1101.61474609375
83190694,692.8960571289062
83190696,-816.6190795898438
83190698,-2175.58642578125
83190700,-1765.584228515625
83190702,23.181964874267578
83190704,1548.5145263671875
83190706,1116.148681640625
83190708,1214.87451171875
83190710,965.9913330078125
83190712,195.02590942382812
83190714,-1699.7310791015625
83190716,-2089.874267578125
83190718,-1071.9447021484375
83190720,1045.481201171875
83190722,1416.018798828125
83190724,1123.5797119140625
83190726,1108.3729248046875
83190728,737.7314453125
83190730,-687.8825073242188
83190732,-2146.26513671875
83190734,-1797.414306640625
83190736,-105.90348815917969
83190738,1520.181884765625
83190740,1170.6622314453125
83190742,1219.111328125
83190744,982.6727294921875
83190746,277.0246887207031
83190748,-1597.4910888671875
83190750,-2084.58642578125
83190752,-1194.496337890625
83190754,936.8736572265625
83190756,1454.1708984375
83190758,1161.690185546875
83190760,1145.0419921875
83190762,794.4090576171875
83190764,-530.3814086914062
83190766,-2087.27392578125
83190768,-1794.2325439453125
83190770,-217.43943786621094
83190772,1490.8067626953125
83190774,1196.2117919921875
83190776,1217.97314453125
83190778,992.537841796875
83190780,398.0477294921875
83190782,-1439.41259765625
83190784,-2135.125
83190786,-1345.9163818359375
83190788,735.02734375
83190790,1484.970703125
83190792,1082.0465087890625
83190794,1194.6541748046875
83190796,846.1395874023438
83190798,-337.42822265625
83190800,-2083.84716796875
83190802,-1910.736328125
83190804,-438.05230712890625
83190806,1425.5391845703125
83190808,1232.814453125
83190810,1230.2515869140625
83190812,1052.4886474609375
83190814,491.2366638183594
83190816,-1298.8380126953125
83190818,-2118.6845703125
83190820,-1416.575439453125
83190822,623.3751220703125
83190824,1493.1993408203125
83190826,1105.0374755859375
83190828,1194.4049072265625
83190830,879.2157592773438
83190832,-227.00962829589844
83190834,-1993.91064453125
83190836,-1902.28759765625
83190838,-567.1502075195312
83190840,1391.1005859375
83190842,1246.9205322265625
83190844,1246.3182373046875
83190846,1055.0389404296875
83190848,589.21484375
83190850,-1147.6256103515625
83190852,-2141.47607421875
83190854,-1543.0772705078125
83190856,506.5763854980469
83190858,1548.32763671875
83190860,1109.9637451171875
83190862,1173.9976806640625
83190864,878.7422485351562
83190866,-105.04782104492188
83190868,-2013.8153076171875
83190870,-2283.384033203125
83190872,-943.1582641601562
83190874,1104.1402587890625
83190876,1157.22900390625
83190878,1055.400390625
83190880,1009.7176513671875
83190882,580.3798217773438
83190884,-1106.9232177734375
83190886,-2269.240478515625
83190888,-1651.323486328125
83190890,279.6249084472656
83190892,1458.4658203125
83190894,1074.7774658203125
83190896,1193.4993896484375
83190898,925.5921630859375
83190900,37.32541275024414
83190902,-1881.4110107421875
83190904,-2026.3553466796875
83190906,-914.1320190429688
83190908,1145.046142578125
83190910,1332.2547607421875
83190912,1129.8310546875
83190914,1081.9925537109375
83190916,668.48046875
83190918,-892.05078125
83190920,-2183.129638671875
83190922,-1685.5211181640625
83190924,144.24241638183594
83190926,1531.6171875
83190928,1118.8111572265625
83190930,1181.6114501953125
83190932,930.343994140625
83190934,189.0611572265625
83190936,-1735.187255859375
83190938,-2047.95068359375
83190940,-1041.5809326171875
83190942,1077.4234619140625
83190944,1338.177978515625
83190946,1121.62744140625
83190948,1166.8282470703125
83190950,770.0640869140625
83190952,-755.5052490234375
83190954,-2124.051025390625
83190956,-1741.6920166015625
83190958,-37.94847106933594
83190960,1554.1552734375
83190962,1180.4774169921875
83190964,1246.4012451171875
83190966,967.5489501953125
83190968,282.86065673828125
83190970,-1618.297119140625
83190972,-2058.0732421875
83190974,-1167.0982666015625
83190976,931.818603515625
83190978,1400.41748046875
83190980,1112.6761474609375
83190982,1179.2852783203125
83190984,793.30419921875
83190986,-560.1096801757812
83190988,-2088.358154296875
83190990,-1788.2386474609375
83190992,-195.36651611328125
83190994,1470.5074462890625
83190996,1142.076171875
83190998,1238.90380859375
83191000,982.3985595703125
83191002,404.9886169433594
83191004,-1495.0228271484375
83191006,-2060.99755859375
83191008,-1238.7584228515625
83191010,823.5391845703125
83191012,1433.277587890625
83191014,1067.7908935546875
83191016,1171.8917236328125
83191018,833.7698364257812
83191020,-421.5453796386719
83191022,-2075.66845703125
83191024,-1880.098388671875
83191026,-390.8451843261719
83191028,1427.865234375
83191030,1155.438720703125
83191032,1192.5897216796875
83191034,1018.403076171875
83191036,438.94122314453125
83191038,-1354.323486328125
83191040,-2117.666748046875
83191042,-1373.721435546875
83191044,652.8956298828125
83191046,1513.6065673828125
83191048,1108.4683837890625
83191050,1194.6292724609375
83191052,848.0420532226562
83191054,-283.46710205078125
83191056,-2007.322998046875
83191058,-1885.298828125
83191060,-513.616943359375
83191062,1392.9365234375
83191064,1241.7823486328125
83191066,1201.4412841796875
83191068,1005.5680541992188
83191070,570.5687255859375
83191072,-1275.4981689453125
83191074,-2180.83251953125
83191076,-1531.65869140625
83191078,515.6522827148438
83191080,1520.2691650390625
83191082,1101.7269287109375
83191084,1212.764404296875
83191086,901.5213012695312
83191088,-181.39752197265625
83191090,-1960.6142578125
83191092,-1986.4879150390625
83191094,-691.4879760742188
83191096,1343.8560791015625
83191098,1219.2359619140625
83191100,1210.363525390625
83191102,1046.2164306640625
83191104,598.4735107421875
83191106,-1100.5223388671875
83191108,-2181.376708984375
83191110,-1603.5140380859375
83191112,377.89801025390625
83191114,1504.0986328125
83191116,1106.225341796875
83191118,1203.638671875
83191120,935.6275634765625
83191122,35.25270080566406
83191124,-1872.393310546875
83191126,-2013.0010986328125
83191128,-839.1198120117188
83191130,1232.9681396484375
83191132,1301.3052978515625
83191134,1175.2769775390625
83191136,1095.521240234375
83191138,662.5489501953125
83191140,-963.3786010742188
83191142,-2155.723388671875
83191144,-1658.1688232421875
83191146,193.85040283203125
83191148,1517.3323974609375
83191150,1128.1612548828125
83191152,1222.3387451171875
83191154,961.575927734375
83191156,121.59212493896484
83191158,-1791.407958984375
83191160,-2107.685302734375
83191162,-1004.0643920898438
83191164,1144.996337890625
83191166,1342.144775390625
83191168,1145.4698486328125
83191170,1108.4144287109375
83191172,754.487548828125
83191174,-788.4152221679688
83191176,-2182.560546875
83191178,-1752.6910400390625
83191180,31.543420791625977
83191182,1533.0294189453125
83191184,1115.3427734375
83191186,1209.0010986328125
83191188,944.9734497070312
83191190,179.3995819091797
83191192,-1733.93701171875
83191194,-2102.306396484375
83191196,-1155.143798828125
83191198,1021.9379272460938
83191200,1429.9130859375
83191202,1092.6302490234375
83191204,1139.9952392578125
83191206,759.5509643554688
83191208,-645.988037109375
83191210,-2147.095947265625
83191212,-1843.861328125
83191214,-180.42555236816406
83191216,1490.63232421875
83191218,1137.3284912109375
83191220,1215.9959716796875
83191222,990.0912475585938
83191224,324.9670104980469
83191226,-1572.336181640625
83191228,-2019.9337158203125
83191230,-1016.0894775390625
83191232,1009.314697265625
83191234,1646.78759765625
83191236,1264.087890625
83191238,1298.9044189453125
83191240,905.2222900390625
83191242,-359.82098388671875
83191244,-2043.0284423828125
83191246,-1863.5831298828125
83191248,-288.0860595703125
83191250,1468.771240234375
83191252,1217.4083251953125
83191254,1218.911865234375
83191256,1002.87646484375
83191258,406.978271484375
83191260,-1425.8756103515625
83191262,-2131.13330078125
83191264,-1369.3475341796875
83191266,734.8736572265625
83191268,1471.9737548828125
83191270,1096.8297119140625
83191272,1191.455810546875
83191274,835.531005859375
83191276,-355.4927978515625
83191278,-2088.7734375
83191280,-1893.7724609375
83191282,-476.25
83191284,1399.9522705078125
83191286,1216.074951171875
83191288,1176.5064697265625
83191290,1074.1129150390625
83191292,503.7476806640625
83191294,-1310.0738525390625
83191296,-2207.27099609375
83191298,-1518.254638671875
83191300,551.7481689453125
83191302,1543.2724609375
83191304,1104.33544921875
83191306,1160.19482421875
83191308,848.6941528320312
83191310,-218.40309143066406
83191312,-1996.328125
83191314,-1952.701416015625
83191316,-615.669921875
83191318,1367.673583984375
83191320,1275.4150390625
83191322,1204.23681640625
83191324,1055.3546142578125
83191326,639.1883544921875
83191328,-1156.62255859375
83191330,-2181.45556640625
83191332,-1574.4212646484375
83191334,411.48504638671875
83191336,1520.74267578125
83191338,1058.0960693359375
83191340,1176.25732421875
83191342,921.3677978515625
83191344,-53.24250411987305
83191346,-1924.1279296875
83191348,-1992.9385986328125
83191350,-776.2032470703125
83191352,1268.648681640625
83191354,1329.9368896484375
83191356,1189.5616455078125
83191358,1133.3284912109375
83191360,679.0724487304688
83191362,-979.7609252929688
83191364,-2204.6044921875
83191366,-1641.2049560546875
83191368,271.5749816894531
83191370,1561.78564453125
83191372,1135.4801025390625
83191374,1201.495361328125
83191376,903.265869140625
83191378,32.59431457519531
83191380,-1846.4449462890625
83191382,-2062.32666015625
83191384,-961.1771240234375
83191386,1148.46044921875
83191388,1351.6983642578125
83191390,1169.943603515625
83191392,1105.1246337890625
83191394,728.2152099609375
83191396,-847.684814453125
83191398,-2158.67236328125
83191400,-1671.5687255859375
83191402,93.73306274414062
83191404,1536.7261962890625
83191406,1087.5003662109375
83191408,1216.689697265625
83191410,959.0546264648438
83191412,124.60772705078125
83191414,-1765.9664306640625
83191416,-2081.09326171875
83191418,-1086.2086181640625
83191420,1085.9095458984375
83191422,1401.5347900390625
83191424,1182.2386474609375
83191426,1152.618408203125
83191428,782.8450927734375
83191430,-670.025634765625
83191432,-2168.45458984375
83191434,-1787.702880859375
83191436,-80.39543151855469
83191438,1538.2215576171875
83191440,1141.4989013671875
83191442,1254.5343017578125
83191444,954.9922485351562
83191446,264.6964111328125
83191448,-1624.4364013671875
83191450,-2135.087646484375
83191452,-1264.050537109375
83191454,944.9776000976562
83191456,1460.675537109375
83191458,1113.0706787109375
83191460,1176.9052734375
83191462,828.88916015625
83191464,-515.5982666015625
83191466,-2124.345947265625
83191468,-1811.6407470703125
83191470,-188.68316650390625
83191472,1514.321044921875
83191474,1195.41015625
83191476,1239.830078125
83191478,1052.8292236328125
83191480,403.6719055175781
83191482,-1504.601318359375
83191484,-2151.16259765625
83191486,-1357.1978759765625
83191488,772.7722778320312
83191490,1434.6109619140625
83191492,1108.559814453125
83191494,1201.4039306640625
83191496,807.2606811523438
83191498,-389.8358154296875
83191500,-2092.27099609375
83191502,-1860.318359375
83191504,-393.4620361328125
83191506,1449.8634033203125
83191508,1240.2081298828125
83191510,1228.9639892578125
83191512,1061.0535888671875
83191514,473.3548583984375
83191516,-1350.979736328125
83191518,-2155.233154296875
83191520,-1416.263916015625
83191522,619.919189453125
83191524,1476.5594482421875
83191526,1116.77587890625
83191528,1167.239501953125
83191530,884.2957763671875
83191532,-204.3551788330078
83191534,-2026.77490234375
83191536,-1953.62353515625
83191538,-563.0048217773438
83191540,1366.3028564453125
83191542,1265.2342529296875
83191544,1194.9656982421875
83191546,1049.701416015625
83191548,552.8406372070312
83191550,-1192.5191650390625
83191552,-2137.36376953125
83191554,-1502.1297607421875
83191556,527.0210571289062
83191558,1568.0328369140625
83191560,1100.2979736328125
83191562,1217.26708984375
83191564,914.0198364257812
83191566,-163.08372497558594
83191568,-1918.5577392578125
83191570,-1973.918701171875
83191572,-742.7947998046875
83191574,1300.7486572265625
83191576,1309.29296875
83191578,1210.658447265625
83191580,1083.957275390625
83191582,642.9391479492188
83191584,-1081.9052734375
83191586,-2175.009033203125
83191588,-1801.094482421875
83191590,74.11083984375
83191592,1402.232666015625
83191594,944.2133178710938
83191596,1092.6302490234375
83191598,793.1878662109375
83191600,-75.86371612548828
83191602,-1964.55615234375
83191604,-2102.210693359375
83191606,-939.2246704101562
83191608,1147.3016357421875
83191610,1286.4307861328125
83191612,1141.4365234375
83191614,1064.7005615234375
83191616,675.6373291015625
83191618,-921.0147705078125
83191620,-2176.662353515625
83191622,-1678.33935546875
83191624,179.68618774414062
83191626,1496.987548828125
83191628,1121.2535400390625
83191630,1223.377197265625
83191632,935.4074096679688
83191634,172.79930114746094
83191636,-1740.337890625
83191638,-2049.72021484375
83191640,-991.9064331054688
83191642,1117.681396484375
83191644,1417.1070556640625
83191646,1136.51025390625
83191648,1118.952392578125
83191650,721.619140625
83191652,-735.7251586914062
83191654,-2136.337890625
83191656,-1709.371826171875
83191658,-11.260760307312012
83191660,1531.1644287109375
83191662,1139.6920166015625
83191664,1239.9588623046875
83191666,951.26220703125
83191668,250.0254364013672
83191670,-1641.8238525390625
83191672,-2104.27099609375
83191674,-1200.299072265625
83191676,980.2926025390625
83191678,1381.048583984375
83191680,1116.2109375
83191682,1178.6497802734375
83191684,806.7041015625
83191686,-602.020751953125
83191688,-2103.299072265625
83191690,-1740.90283203125
83191692,-168.15542602539062
83191694,1530.6575927734375
83191696,1212.133056640625
83191698,1256.216552734375
83191700,995.4994506835938
83191702,360.15740966796875
83191704,-1501.27001953125
83191706,-2103.743408203125
83191708,-1225.229736328125
83191710,890.7465209960938
83191712,1477.63525390625
83191714,1127.5880126953125
83191716,1182.728759765625
83191718,827.5392456054688
83191720,-421.87353515625
83191722,-2093.91162109375
83191724,-1906.72802734375
83191726,-318.4331970214844
83191728,1444.6505126953125
83191730,1187.4515380859375
83191732,1198.43408203125
83191734,1039.4334716796875
83191736,438.268310546875
83191738,-1434.261962890625
83191740,-2084.719482421875
83191742,-1350.2528076171875
83191744,733.515380859375
83191746,1489.232421875
83191748,1149.4532470703125
83191750,1173.06298828125
83191752,886.1815795898438
83191754,-282.08392333984375
83191756,-2039.9671630859375
83191758,-1929.286865234375
83191760,-509.1849365234375
83191762,1394.8306884765625
83191764,1251.610107421875
83191766,1218.4051513671875
83191768,1048.447021484375
83191770,542.3732299804688
83191772,-1261.986083984375
83191774,-2170.747314453125
83191776,-1514.5701904296875
83191778,547.5986328125
83191780,1510.74462890625
83191782,1108.0697021484375
83191784,1241.603759765625
83191786,899.3821411132812
83191788,-158.32354736328125
83191790,-1996.4443359375
83191792,-1970.0474853515625
83191794,-714.2254638671875
83191796,1308.790283203125
83191798,1268.61962890625
83191800,1149.1500244140625
83191802,1063.91552734375
83191804,618.1580200195312
83191806,-1104.4974365234375
83191808,-2192.251220703125
83191810,-1591.50146484375
83191812,363.01104736328125
83191814,1509.79345703125
83191816,1110.5867919921875
83191818,1227.4603271484375
83191820,897.5877075195312
83191822,-13.067632675170898
83191824,-1891.4713134765625
83191826,-2029.0885009765625
83191828,-829.0968627929688
83191830,1252.4990234375
83191832,1313.4923095703125
83191834,1148.2860107421875
83191836,1146.030517578125
83191838,687.1597900390625
83191840,-927.6192016601562
83191842,-2189.71337890625
83191844,-1695.0830078125
83191846,231.4873504638672
83191848,1566.7493896484375
83191850,1081.50244140625
83191852,1223.439453125
83191854,946.9340209960938
83191856,127.90579223632812
83191858,-1842.424072265625
83191860,-2041.4334716796875
83191862,-943.4780883789062
83191864,1166.3922119140625
83191866,1399.3707275390625
83191868,1144.2652587890625
83191870,1086.794189453125
83191872,731.7957763671875
83191874,-846.9080810546875
83191876,-2202.5732421875
83191878,-1737.3887939453125
83191880,33.8778190612793
83191882,1543.471923828125
83191884,1123.6253662109375
83191886,1242.57568359375
83191888,955.3951416015625
83191890,244.72943115234375
83191892,-1714.8173828125
83191894,-2048.635986328125
83191896,-1094.931396484375
83191898,1035.948486328125
83191900,1448.5550537109375
83191902,1168.967529296875
83191904,1127.9285888671875
83191906,760.7804565429688
83191908,-669.14501953125
83191910,-2150.140625
83191912,-1799.279296875
83191914,-114.6886215209961
83191916,1523.828857421875
83191918,1194.4921875
83191920,1185.71533203125
83191922,966.3111572265625
83191924,317.8433837890625
83191926,-1628.57763671875
83191928,-2121.812255859375
83191930,-1236.9805908203125
83191932,864.715087890625
83191934,1468.4638671875
83191936,1100.6884765625
83191938,1181.482666015625
83191940,834.2723999023438
83191942,-484.5533142089844
83191944,-2126.763427734375
83191946,-1861.3568115234375
83191948,-41.97343444824219
83191950,1661.8116455078125
83191952,1346.348388671875
83191954,1390.0081787109375
83191956,1132.605712890625
83191958,495.4776306152344
83191960,-1379.1004638671875
83191962,-2076.507568359375
83191964,-1319.423828125
83191966,773.598876953125
83191968,1532.1695556640625
83191970,1154.9569091796875
83191972,1227.70947265625
83191974,885.5875854492188
83191976,-313.50689697265625
83191978,-2051.414794921875
83191980,-1883.2801513671875
83191982,-446.2850036621094
83191984,1439.383544921875
83191986,1205.2752685546875
83191988,1223.5308837890625
83191990,1065.53955078125
83191992,526.4769287109375
83191994,-1301.53369140625
83191996,-2200.61669921875
83191998,-1494.071533203125
83192000,595.8441772460938
83192002,1457.593505859375
83192004,1125.2078857421875
83192006,1180.7723388671875
83192008,861.9320678710938
83192010,-213.28570556640625
83192012,-2031.97119140625
83192014,-1977.3663330078125
83192016,-612.3677368164062
83192018,1347.569580078125
83192020,1249.7449951171875
83192022,1199.152587890625
83192024,1055.765869140625
83192026,611.7944946289062
83192028,-1174.197021484375
83192030,-2198.4443359375
83192032,-1584.9967041015625
83192034,437.4624938964844
83192036,1510.0343017578125
83192038,1097.73095703125
83192040,1196.30322265625
83192042,908.6615600585938
83192044,-85.55851745605469
83192046,-1929.556884765625
83192048,-1998.8369140625
83192050,-801.2294921875
83192052,1260.11279296875
83192054,1317.62939453125
83192056,1168.460693359375
83192058,1122.1923828125
83192060,617.8298950195312
83192062,-1008.392578125
83192064,-2197.2646484375
83192066,-1655.913330078125
83192068,255.29652404785156
83192070,1531.322265625
83192072,1106.9979248046875
83192074,1192.440185546875
83192076,911.4403686523438
83192078,45.944400787353516
83192080,-1876.401611328125
83192082,-2045.7159423828125
83192084,-964.89892578125
83192086,1158.454345703125
83192088,1376.811767578125
83192090,1172.6103515625
83192092,1096.9833984375
83192094,686.2833251953125
83192096,-851.4314575195312
83192098,-2171.66943359375
83192100,-1759.9808349609375
83192102,104.91490173339844
83192104,1536.31494140625
83192106,1130.52880859375
83192108,1253.724365234375
83192110,990.8804931640625
83192112,206.52342224121094
83192114,-1758.240478515625
83192116,-2099.585693359375
83192118,-1083.43798828125
83192120,1061.6766357421875
83192122,1417.3521728515625
83192124,1138.2464599609375
83192126,1160.838623046875
83192128,734.3668823242188
83192130,-706.3790893554688
83192132,-2186.024658203125
83192134,-1773.8336181640625
83192136,-29.87362289428711
83192138,1532.967041015625
83192140,1143.255859375
83192142,1195.6011962890625
83192144,979.1669311523438
83192146,304.42681884765625
83192148,-1648.864501953125
83192150,-2135.286865234375
83192152,-1218.57958984375
83192154,942.8093872070312
83192156,1451.8115234375
83192158,1148.08251953125
83192160,1167.1314697265625
83192162,794.9241333007812
83192164,-576.5875244140625
83192166,-2116.9150390625
83192168,-1835.77392578125
83192170,-236.52581787109375
83192172,1489.203369140625
83192174,1154.77001953125
83192176,1230.754150390625
83192178,1012.2265014648438
83192180,378.8948974609375
83192182,-1511.7664794921875
83192184,-2161.14794921875
83192186,-1347.374267578125
83192188,770.7244873046875
83192190,1443.2132568359375
83192192,1119.28466796875
83192194,1189.0050048828125
83192196,834.2682495117188
83192198,-368.4482727050781
83192200,-2078.148193359375
83192202,-1875.6954345703125
83192204,-398.2803649902344
83192206,1455.0098876953125
83192208,1212.5484619140625
83192210,1203.921142578125
83192212,1057.9798583984375
83192214,499.8847351074219
83192216,-1361.1563720703125
83192218,-2126.244384765625
83192220,-1428.114501953125
83192222,692.509765625
83192224,1487.60009765625
83192226,1125.4364013671875
83192228,1175.2105712890625
83192230,854.6962890625
83192232,-298.77777099609375
83192234,-2012.85986328125
83192236,-1931.1810302734375
83192238,-577.2064208984375
83192240,1362.871826171875
83192242,1241.1219482421875
83192244,1182.7869873046875
83192246,1074.7318115234375
83192248,572.9862060546875
83192250,-1215.6553955078125
83192252,-2157.887451171875
83192254,-1529.02099609375
83192256,527.860107421875
83192258,1523.2681884765625
83192260,1124.360595703125
83192262,1242.4635009765625
83192264,917.533935546875
83192266,-81.59586334228516
83192268,-1946.1842041015625
83192270,-1976.7225341796875
83192272,-724.8299560546875
83192274,1290.0113525390625
83192276,1320.2130126953125
83192278,1193.63232421875
83192280,1087.2552490234375
83192282,662.70263671875
83192284,-1039.317138671875
83192286,-2137.55078125
83192288,-1597.1380615234375
83192290,373.05059814453125
83192292,1547.9578857421875
83192294,1115.5712890625
83192296,1222.0230712890625
83192298,952.5540161132812
83192300,-6.882729530334473
83192302,-1860.920654296875
83192304,-2009.748779296875
83192306,-952.2965087890625
83192308,941.3638916015625
83192310,1204.4859619140625
83192312,941.85400390625
83192314,982.818115234375
83192316,532.11767578125
83192318,-1030.3865966796875
83192320,-2247.4501953125
83192322,-1751.897705078125
83192324,64.70264434814453
83192326,1486.0133056640625
83192328,1076.3018798828125
83192330,1190.924072265625
83192332,921.5547485351562
83192334,120.20893096923828
83192336,-1772.3839111328125
83192338,-2073.043212890625
83192340,-1025.5599365234375
83192342,1048.82080078125
83192344,1340.8280029296875
83192346,1105.6978759765625
83192348,1118.8984375
83192350,698.1837768554688
83192352,-746.9776611328125
83192354,-2170.452392578125
83192356,-1731.3741455078125
83192358,5.491230487823486
83192360,1523.9244384765625
83192362,1176.29052734375
83192364,1223.360595703125
83192366,986.3819580078125
83192368,304.2066955566406
83192370,-1651.8218994140625
83192372,-2092.00927734375
83192374,-1171.9705810546875
83192376,969.526123046875
83192378,1439.6494140625
83192380,1124.2359619140625
83192382,1180.4608154296875
83192384,813.362548828125
83192386,-600.5877685546875
83192388,-2158.174072265625
83192390,-1830.7396240234375
83192392,-204.6459503173828
83192394,1458.6319580078125
83192396,1202.749755859375
83192398,1228.1290283203125
83192400,1033.0823974609375
83192402,413.5619201660156
83192404,-1532.60986328125
83192406,-2072.582275390625
83192408,-1267.427490234375
83192410,844.0004272460938
83192412,1450.3868408203125
83192414,1149.0836181640625
83192416,1199.2066650390625
83192418,835.4146728515625
83192420,-451.626708984375
83192422,-2113.346923828125
83192424,-1862.8687744140625
83192426,-346.03057861328125
83192428,1477.365234375
83192430,1210.8702392578125
83192432,1249.823974609375
83192434,1055.5955810546875
83192436,458.9248046875
83192438,-1339.6068115234375
83192440,-2121.38037109375
83192442,-1369.501220703125
83192444,708.4766845703125
83192446,1508.3271484375
83192448,1129.540283203125
83192450,1239.3067626953125
83192452,886.3103637695312
83192454,-294.85662841796875
83192456,-2028.4281005859375
83192458,-1927.696044921875
83192460,-512.2213134765625
83192462,1390.423583984375
83192464,1202.20556640625
83192466,1210.5089111328125
83192468,1050.4739990234375
83192470,556.6371459960938
83192472,-1317.7830810546875
83192474,-2184.915771484375
83192476,-1450.55712890625
83192478,551.6651000976562
83192480,1538.350341796875
83192482,1081.203369140625
83192484,1191.837890625
83192486,878.1025390625
83192488,-156.80743408203125
83192490,-1993.2210693359375
83192492,-1957.7066650390625
83192494,-703.3510131835938
83192496,1311.772705078125
83192498,1271.16162109375
83192500,1234.39697265625
83192502,1063.88232421875
83192504,578.30712890625
83192506,-1102.81103515625
83192508,-2185.875244140625
83192510,-1569.5572509765625
83192512,416.722900390625
83192514,1565.739990234375
83192516,1105.23681640625
83192518,1247.2735595703125
83192520,940.4043579101562
83192522,-13.49962043762207
83192524,-1885.6063232421875
83192526,-1962.94873046875
83192528,-803.5556030273438
83192530,1225.1507568359375
83192532,1285.2510986328125
83192534,1158.666259765625
83192536,1102.283447265625
83192538,653.7845458984375
83192540,-996.1307983398438
83192542,-2234.10009765625
83192544,-1673.6705322265625
83192546,230.2786102294922
83192548,1509.9637451171875
83192550,1153.9517822265625
83192552,1229.1923828125
83192554,936.6410522460938
83192556,129.62127685546875
83192558,-1799.520263671875
83192560,-2026.0728759765625
83192562,-976.770263671875
83192564,1175.38916015625
83192566,1387.2957763671875
83192568,1175.156494140625
83192570,1160.601806640625
83192572,722.6949462890625
83192574,-798.8743286132812
83192576,-2150.302734375
83192578,-1768.9945068359375
83192580,54.15632629394531
83192582,1554.5955810546875
83192584,1138.90283203125
83192586,1217.64501953125
83192588,957.7420043945312
83192590,178.70175170898438
83192592,-1702.119384765625
83192594,-2090.22314453125
83192596,-1100.4849853515625
83192598,1038.087646484375
83192600,1422.57763671875
83192602,1138.96923828125
83192604,1185.5989990234375
83192606,777.1046142578125
83192608,-635.8113403320312
83192610,-2154.223876953125
83192612,-1800.6334228515625
83192614,-99.63550567626953
83192616,1518.6865234375
83192618,1135.1602783203125
83192620,1190.1016845703125
83192622,969.9830322265625
83192624,278.3123474121094
83192626,-1624.552734375
83192628,-2157.22705078125
83192630,-1256.6278076171875
83192632,907.9387817382812
83192634,1463.1553955078125
83192636,1147.9910888671875
83192638,1172.626953125
83192640,837.1842041015625
83192642,-501.5046691894531
83192644,-2133.941162109375
83192646,-1846.3037109375
83192648,-308.7176208496094
83192650,1416.953369140625
83192652,1169.395263671875
83192654,1195.111083984375
83192656,1005.4600830078125
83192658,414.9450988769531
83192660,-1489.3404541015625
83192662,-2174.311279296875
83192664,-1416.895263671875
83192666,891.120361328125
83192668,1778.049560546875
83192670,1286.1649169921875
83192672,1366.80126953125
83192674,996.9906005859375
83192676,-221.59732055664062
83192678,-1994.4879150390625
83192680,-1822.0126953125
83192682,-381.7568054199219
83192684,1506.77783203125
83192686,1324.1424560546875
83192688,1319.108154296875
83192690,1091.537841796875
83192692,600.2845458984375
83192694,-1267.0618896484375
83192696,-2136.06787109375
83192698,-1459.2176513671875
83192700,640.7501831054688
83192702,1496.202392578125
83192704,1164.0369873046875
83192706,1262.8583984375
83192708,939.1831665039062
83192710,-195.72373962402344
83192712,-1982.770263671875
83192714,-1949.7481689453125
83192716,-676.5552978515625
83192718,1399.889892578125
83192720,1277.22607421875
83192722,1215.3106689453125
83192724,1085.7142333984375
83192726,618.5941772460938
83192728,-1201.0009765625
83192730,-2196.130859375
83192732,-1616.2493896484375
83192734,444.9973449707031
83192736,1536.9547119140625
83192738,1131.8414306640625
83192740,1211.306396484375
83192742,888.2875366210938
83192744,-68.29562377929688
83192746,-1962.7451171875
83192748,-2040.2828369140625
83192750,-771.8584594726562
83192752,1291.988525390625
83192754,1286.202392578125
83192756,1185.4951171875
83192758,1094.6240234375
83192760,620.7042846679688
83192762,-996.2761840820312
83192764,-2218.45703125
83192766,-1643.6058349609375
83192768,267.4794006347656
83192770,1534.163330078125
83192772,1075.6539306640625
83192774,1214.8828125
83192776,904.9273681640625
83192778,60.58214569091797
83192780,-1918.362548828125
83192782,-2023.5765380859375
83192784,-964.4336547851562
83192786,1164.157470703125
83192788,1335.3865966796875
83192790,1166.4544677734375
83192792,1131.02734375
83192794,726.23388671875
83192796,-884.3206787109375
83192798,-2132.188232421875
83192800,-1703.635498046875
83192802,117.92022705078125
83192804,1497.415283203125
83192806,1114.5577392578125
83192808,1222.3594970703125
83192810,961.4180908203125
83192812,203.5535125732422
83192814,-1763.0546875
83192816,-2079.377685546875
83192818,-1090.4869384765625
83192820,1087.37158203125
83192822,1420.558837890625
83192824,1159.5218505859375
83192826,1144.07421875
83192828,771.6923217773438
83192830,-709.3157958984375
83192832,-2166.96337890625
83192834,-1794.760009765625
83192836,-89.31349182128906
83192838,1500.5223388671875
83192840,1142.04296875
83192842,1240.407470703125
83192844,968.246826171875
83192846,311.7664794921875
83192848,-1667.157470703125
83192850,-2130.859130859375
83192852,-1194.1058349609375
83192854,994.6437377929688
83192856,1424.7333984375
83192858,1157.789794921875
83192860,1179.4473876953125
83192862,786.342529296875
83192864,-562.3692626953125
83192866,-2161.733642578125
83192868,-1842.3369140625
83192870,-261.498046875
83192872,1489.9676513671875
83192874,1161.731689453125
83192876,1212.13720703125
83192878,972.7328491210938
83192880,348.078369140625
83192882,-1506.5992431640625
83192884,-2139.54443359375
83192886,-1333.8206787109375
83192888,773.3911743164062
83192890,1434.6732177734375
83192892,1078.9312744140625
83192894,1163.642333984375
83192896,833.6535034179688
83192898,-431.7552490234375
83192900,-2106.750732421875
83192902,-1895.3592529296875
83192904,-419.148681640625
83192906,1454.0794677734375
83192908,1207.7425537109375
83192910,1222.46337890625
83192912,1035.8197021484375
83192914,502.5555725097656
83192916,-1340.7906494140625
83192918,-2165.185546875
83192920,-1428.6336669921875
83192922,624.7998046875
83192924,1484.850341796875
83192926,1111.62109375
83192928,1164.3858642578125
83192930,887.0247802734375
83192932,-282.9686584472656
83192934,-2020.419677734375
83192936,-1936.605712890625
83192938,-566.3568725585938
83192940,1365.0318603515625
83192942,1277.14306640625
83192944,1223.0115966796875
83192946,1048.193603515625
83192948,586.494140625
83192950,-1208.751953125
83192952,-2138.39404296875
83192954,-1526.794677734375
83192956,525.421875
83192958,1542.3961181640625
83192960,1106.757080078125
83192962,1208.56494140625
83192964,892.5325927734375
83192966,-90.509765625
83192968,-1961.0213623046875
83192970,-1950.3753662109375
83192972,-738.2174072265625
83192974,1309.66259765625
83192976,1296.947998046875
83192978,1200.701904296875
83192980,1062.411865234375
83192982,618.5983276367188
83192984,-1107.359375
83192986,-2167.320556640625
83192988,-1598.0601806640625
83192990,374.4628601074219
83192992,1537.523681640625
83192994,1147.78759765625
83192996,1230.75
83192998,945.1188354492188
83193000,31.904796600341797
83193002,-1859.8365478515625
83193004,-1997.4703369140625
83193006,-850.8416137695312
83193008,1178.2427978515625
83193010,1354.0244140625
83193012,1139.34716796875
83193014,1104.1568603515625
83193016,701.884765625
83193018,-913.4133911132812
83193020,-2121.29296875
83193022,-1692.432861328125
83193024,110.49335479736328
83193026,1342.0908203125
83193028,896.6946411132812
83193030,1061.17822265625
83193032,789.8109130859375
83193034,29.85700798034668
83193036,-1847.1302490234375
83193038,-2132.275390625
83193040,-1099.2886962890625
83193042,1038.9473876953125
83193044,1303.7518310546875
83193046,1096.717529296875
83193048,1089.40283203125
83193050,699.3343505859375
83193052,-786.96142578125
83193054,-2137.1435546875
83193056,-1769.8875732421875
83193058,-31.003437042236328
83193060,1515.29296875
83193062,1108.966796875
83193064,1225.1175537109375
83193066,950.07421875
83193068,277.0371398925781
83193070,-1659.788818359375
83193072,-2079.30712890625
83193074,-1162.051513671875
83193076,982.9675903320312
83193078,1419.02197265625
83193080,1193.7652587890625
83193082,1174.3756103515625
83193084,814.7664794921875
83193086,-569.0277099609375
83193088,-2112.806884765625
83193090,-1770.8179931640625
83193092,-169.20632934570312
83193094,1517.8475341796875
83193096,1175.0194091796875
83193098,1240.5196533203125
83193100,1016.3428344726562
83193102,382.2427978515625
83193104,-1559.7420654296875
83193106,-2098.439208984375
83193108,-1252.54052734375
83193110,860.3079833984375
83193112,1476.2769775390625
83193114,1094.316650390625
83193116,1188.822265625
83193118,802.6708374023438
83193120,-456.4740905761719
83193122,-2133.0771484375
83193124,-1884.1068115234375
83193126,-339.2932434082031
83193128,1454.4117431640625
83193130,1221.6866455078125
83193132,1186.039306640625
83193134,1046.8228759765625
83193136,449.205078125
83193138,-1409.1112060546875
83193140,-2150.045166015625
83193142,-1386.440185546875
83193144,716.2940063476562
83193146,1537.2579345703125
83193148,1139.517578125
83193150,1215.6429443359375
83193152,869.1513061523438
83193154,-267.37139892578125
83193156,-2019.3604736328125
83193158,-1899.853515625
83193160,-468.968505859375
83193162,1406.556640625
83193164,1227.605712890625
83193166,1229.80712890625
83193168,1019.8195190429688
83193170,523.353271484375
83193172,-1297.23046875
83193174,-2124.744873046875
83193176,-1501.6064453125
83193178,525.6959838867188
83193180,1504.71337890625
83193182,1094.7901611328125
83193184,1211.1485595703125
83193186,909.1849365234375
83193188,-89.83686065673828
83193190,-1973.98095703125
83193192,-1949.357666015625
83193194,-664.5053100585938
83193196,1376.43798828125
83193198,1288.5491943359375
83193200,1162.08056640625
83193202,1036.0897216796875
83193204,557.2311401367188
83193206,-1089.9842529296875
83193208,-2155.365966796875
83193210,-1572.8802490234375
83193212,401.7861022949219
83193214,1547.73779296875
83193216,1124.6014404296875
83193218,1207.5223388671875
83193220,940.8114013671875
83193222,-42.23927688598633
83193224,-1895.0185546875
83193226,-2004.27001953125
83193228,-829.5786743164062
83193230,1272.1004638671875
83193232,1312.2545166015625
83193234,1173.0880126953125
83193236,1104.659423828125
83193238,661.0203247070312
83193240,-937.309814453125
83193242,-2191.541015625
83193244,-1680.7401123046875
83193246,250.70664978027344
83193248,1521.4488525390625
83193250,1080.4556884765625
83193252,1215.763427734375
83193254,939.5611572265625
83193256,131.53199768066406
83193258,-1746.2777099609375
83193260,-2027.967041015625
83193262,-942.8924560546875
83193264,1161.5364990234375
83193266,1391.719482421875
83193268,1169.3994140625
83193270,1167.0318603515625
83193272,692.3851928710938
83193274,-788.7142944335938
83193276,-2180.662353515625
83193278,-1736.0096435546875
83193280,80.53250885009766
83193282,1521.606689453125
83193284,1127.72509765625
83193286,1248.8270263671875
83193288,985.0278930664062
83193290,213.80076599121094
83193292,-1720.865234375
83193294,-2116.39990234375
83193296,-1108.9793701171875
83193298,1016.0936279296875
83193300,1396.3468017578125
83193302,1128.4354248046875
83193304,1136.29833984375
83193306,799.9584350585938
83193308,-678.7277221679688
83193310,-2138.68896484375
83193312,-1785.858642578125
83193314,-90.3270034790039
83193316,1498.1671142578125
83193318,1163.879150390625
83193320,1199.3228759765625
83193322,1006.1204833984375
83193324,352.9756164550781
83193326,-1580.909423828125
83193328,-2131.5693359375
83193330,-1266.1107177734375
83193332,914.6346435546875
83193334,1457.2861328125
83193336,1126.827880859375
83193338,1168.3111572265625
83193340,786.5875854492188
83193342,-500.3707275390625
83193344,-2114.435302734375
83193346,-1840.60888671875
83193348,-237.70547485351562
83193350,1485.7266845703125
83193352,1199.144287109375
83193354,1228.0833740234375
83193356,1049.73876953125
83193358,440.6525573730469
83193360,-1463.911376953125
83193362,-2171.715087890625
83193364,-1353.642333984375
83193366,757.5364379882812
83193368,1405.347900390625
83193370,1109.7061767578125
83193372,1191.160888671875
83193374,854.5218505859375
83193376,-372.0537109375
83193378,-2040.997314453125
83193380,-1915.05615234375
83193382,-446.3431396484375
83193384,1464.305908203125
83193386,1466.681884765625
83193388,1385.0943603515625
83193390,1246.9620361328125
83193392,622.6689453125
83193394,-1198.43408203125
83193396,-2082.181396484375
83193398,-1362.772216796875
83193400,716.8755493164062
83193402,1591.6011962890625
83193404,1177.25
83193406,1277.172119140625
83193408,903.7809448242188
83193410,-232.38455200195312
83193412,-2020.66064453125
83193414,-1910.72802734375
83193416,-579.8232421875
83193418,1431.441650390625
83193420,1301.8037109375
83193422,1203.8504638671875
83193424,1088.21484375
83193426,584.6083374023438
83193428,-1198.9656982421875
83193430,-2202.029052734375
83193432,-1534.2340087890625
83193434,413.4705505371094
83193436,1555.9080810546875
83193438,1067.5125732421875
83193440,1229.0469970703125
83193442,872.7816162109375
83193444,-70.09418487548828
83193446,-1941.8228759765625
83193448,-1996.128662109375
83193450,-763.1564331054688
83193452,1257.3172607421875
83193454,1266.4097900390625
83193456,1169.623779296875
83193458,1084.1483154296875
83193460,656.667236328125
83193462,-998.643798828125
83193464,-2203.723876953125
83193466,-1629.9732666015625
83193468,238.7895965576172
83193470,1547.521728515625
83193472,1115.0146484375
83193474,1206.9283447265625
83193476,898.9791870117188
83193478,48.548789978027344
83193480,-1888.497314453125
83193482,-2078.343505859375
83193484,-941.579833984375
83193486,1175.8502197265625
83193488,1311.85986328125
83193490,1144.202880859375
83193492,1145.7938232421875
83193494,688.9126586914062
83193496,-879.917724609375
83193498,-2176.10986328125
83193500,-1694.9957275390625
83193502,130.88401794433594
83193504,1502.9564208984375
83193506,1126.3045654296875
83193508,1252.810546875
83193510,930.02001953125
83193512,160.25918579101562
83193514,-1739.382568359375
83193516,-2075.40673828125
83193518,-1065.9840087890625
83193520,993.6925659179688
83193522,1385.0860595703125
83193524,1119.3387451171875
83193526,1120.2567138671875
83193528,740.1198120117188
83193530,-740.9381103515625
83193532,-2160.757568359375
83193534,-1783.3206787109375
83193536,-47.32344055175781
83193538,1505.905517578125
83193540,1143.235107421875
83193542,1216.8060302734375
83193544,998.7767333984375
83193546,237.65147399902344
83193548,-1640.6109619140625
83193550,-2068.31640625
83193552,-1188.3529052734375
83193554,918.46435546875
83193556,1363.723388671875
83193558,1084.580322265625
83193560,1138.1676025390625
83193562,818.7499389648438
83193564,-544.9360961914062
83193566,-2113.010498046875
83193568,-1854.2041015625
83193570,-209.28981018066406
83193572,1472.1025390625
83193574,1171.9913330078125
83193576,1185.8897705078125
83193578,1026.336669921875
83193580,365.91033935546875
83193582,-1467.566650390625
83193584,-2114.347900390625
83193586,-1355.806396484375
83193588,866.5759887695312
83193590,1452.987060546875
83193592,1136.0201416015625
83193594,1191.443359375
83193596,828.59423828125
83193598,-432.13323974609375
83193600,-2126.2900390625
83193602,-1874.270751953125
83193604,-389.44537353515625
83193606,1424.4052734375
83193608,1151.675537109375
83193610,1178.080810546875
83193612,1043.234130859375
83193614,475.56463623046875
83193616,-1384.4713134765625
83193618,-2098.152587890625
83193620,-1394.0498046875
83193622,690.9853515625
83193624,1498.1214599609375
83193626,1071.525146484375
83193628,1192.5565185546875
83193630,849.1469116210938
83193632,-283.6498718261719
83193634,-2034.5050048828125
83193636,-1918.4996337890625
83193638,-571.4368896484375
83193640,1399.4537353515625
83193642,1220.2867431640625
83193644,1186.97802734375
83193646,1044.3472900390625
83193648,559.9559326171875
83193650,-1204.9927978515625
83193652,-2126.34814453125
83193654,-1505.585693359375
83193656,506.904541015625
83193658,1495.4215087890625
83193660,1103.6292724609375
83193662,1210.2554931640625
83193664,887.5813598632812
83193666,-115.95551300048828
83193668,-1928.1280517578125
83193670,-1981.2001953125
83193672,-745.2330932617188
83193674,1281.2718505859375
83193676,1249.9278564453125
83193678,1159.5093994140625
83193680,1090.04248046875
83193682,620.6004028320312
83193684,-1082.412109375
83193686,-2172.861572265625
83193688,-1603.5928955078125
83193690,344.17803955078125
83193692,1558.77001953125
83193694,1101.8057861328125
83193696,1234.7210693359375
83193698,916.9025268554688
83193700,21.221403121948242
83193702,-1896.127685546875
83193704,-2073.778564453125
83193706,-861.7659301757812
83193708,1176.0869140625
83193710,1304.0550537109375
83193712,1171.1357421875
83193714,1085.822265625
83193716,692.5347290039062
83193718,-904.17138671875
83193720,-2184.4296875
83193722,-1680.162841796875
83193724,150.95068359375
83193726,1554.54150390625
83193728,1153.58203125
83193730,1170.9530029296875
83193732,928.3709716796875
83193734,114.0531005859375
83193736,-1764.60400390625
83193738,-2074.949951171875
83193740,-979.6571044921875
83193742,1084.7506103515625
83193744,1259.1448974609375
83193746,870.8460083007812
83193748,959.8811645507812
83193750,554.8302612304688
83193752,-883.1950073242188
83193754,-2255.4501953125
83193756,-1836.4344482421875
83193758,-62.35993957519531
83193760,1454.9974365234375
83193762,1066.02978515625
83193764,1173.927001953125
83193766,924.811279296875
83193768,190.9884796142578
83193770,-1717.517333984375
83193772,-2105.297119140625
83193774,-1193.669677734375
83193776,942.9132080078125
83193778,1363.5115966796875
83193780,1129.9473876953125
83193782,1105.593994140625
83193784,772.3195190429688
83193786,-584.2427978515625
83193788,-2133.509033203125
83193790,-1829.2235107421875
83193792,-190.40695190429688
83193794,1495.488037109375
83193796,1140.9962158203125
83193798,1267.6392822265625
83193800,1011.375
83193802,377.52001953125
83193804,-1552.601806640625
83193806,-2071.94677734375
83193808,-1241.965087890625
83193810,918.3646850585938
83193812,1464.0401611328125
83193814,1103.3759765625
83193816,1181.5865478515625
83193818,794.58349609375
83193820,-414.97003173828125
83193822,-2090.30615234375
83193824,-1874.01318359375
83193826,-355.3349304199219
83193828,1463.5499267578125
83193830,1191.555419921875
83193832,1196.2242431640625
83193834,1056.1771240234375
83193836,480.0838928222656
83193838,-1431.11767578125
83193840,-2139.93505859375
83193842,-1376.84912109375
83193844,727.8081665039062
83193846,1506.3043212890625
83193848,1120.6636962890625
83193850,1194.0185546875
83193852,836.1041870117188
83193854,-303.5836181640625
83193856,-2071.93017578125
83193858,-1916.0531005859375
83193860,-498.5846252441406
83193862,1437.0450439453125
83193864,1233.9068603515625
83193866,1200.0498046875
83193868,1059.387939453125
83193870,523.639892578125
83193872,-1244.2330322265625
83193874,-2163.3994140625
83193876,-1450.2122802734375
83193878,600.6791381835938
83193880,1518.05517578125
83193882,1121.1954345703125
83193884,1202.6417236328125
83193886,925.459228515625
83193888,-141.1437225341797
83193890,-1955.5384521484375
83193892,-1952.8551025390625
83193894,-669.5438232421875
83193896,1346.2237548828125
83193898,1295.45263671875
83193900,1203.406005859375
83193902,1066.5281982421875
83193904,604.0187377929688
83193906,-1114.412353515625
83193908,-2180.40478515625
83193910,-1559.37646484375
83193912,414.3179016113281
83193914,1528.975341796875
83193916,1111.8536376953125
83193918,1232.843505859375
83193920,945.3555908203125
83193922,-32.59846878051758
83193924,-1884.30615234375
83193926,-2013.5992431640625
83193928,-791.8711547851562
83193930,1259.618408203125
83193932,1339.964111328125
83193934,1181.9603271484375
83193936,1101.7642822265625
83193938,653.4148559570312
83193940,-998.070556640625
83193942,-2129.072998046875
83193944,-1634.596435546875
83193946,214.6688995361328
83193948,1540.54345703125
83193950,1095.27197265625
83193952,1225.4207763671875
83193954,973.3268432617188
83193956,86.30204010009766
83193958,-1811.117431640625
83193960,-1988.6561279296875
83193962,-956.093017578125
83193964,1123.533935546875
83193966,1381.721435546875
83193968,1148.3359375
83193970,1150.3380126953125
83193972,765.5281982421875
83193974,-811.0655517578125
83193976,-2186.294677734375
83193978,-1691.4111328125
83193980,68.02147674560547
83193982,1537.3450927734375
83193984,1159.7213134765625
83193986,1235.6929931640625
83193988,988.2553100585938
83193990,195.9978790283203
83193992,-1692.2210693359375
83193994,-2036.41162109375
83193996,-1103.6085205078125
83193998,1028.7333984375
83194000,1415.5037841796875
83194002,1172.4815673828125
83194004,1107.633544921875
83194006,790.8202514648438
83194008,-640.54248046875
83194010,-2141.430419921875
83194012,-1768.30078125
83194014,-79.1243896484375
83194016,1535.4593505859375
83194018,1133.6275634765625
83194020,1227.098876953125
83194022,993.2730102539062
83194024,300.93353271484375
83194026,-1599.2108154296875
83194028,-2101.014404296875
83194030,-1269.886474609375
83194032,889.1473388671875
83194034,1500.2108154296875
83194036,1118.5411376953125
83194038,1179.630126953125
83194040,797.7486572265625
83194042,-476.91046142578125
83194044,-2066.5966796875
83194046,-1815.919189453125
83194048,-273.7764587402344
83194050,1468.6466064453125
83194052,1189.017578125
83194054,1234.2432861328125
83194056,980.69970703125
83194058,424.68975830078125
83194060,-1492.0943603515625
83194062,-2124.82373046875
83194064,-1351.7938232421875
83194066,752.6474609375
83194068,1452.8956298828125
83194070,1112.4892578125
83194072,1162.657958984375
83194074,834.8912963867188
83194076,-382.30096435546875
83194078,-2065.923828125
83194080,-1893.726806640625
83194082,-431.8757019042969
83194084,1465.6807861328125
83194086,1267.71826171875
83194088,1249.23828125
83194090,1114.2254638671875
83194092,526.1903076171875
83194094,-1314.80908203125
83194096,-2171.18359375
83194098,-1456.010986328125
83194100,573.6009521484375
83194102,1490.677978515625
83194104,1235.3690185546875
83194106,1425.373046875
83194108,1053.4439697265625
83194110,-64.58218383789062
83194112,-1854.88525390625
83194114,-1839.4998779296875
83194116,-469.80340576171875
83194118,1452.6048583984375
83194120,1314.4310302734375
83194122,1233.998291015625
83194124,1104.289794921875
83194126,616.3469848632812
83194128,-1138.603759765625
83194130,-2137.646240234375
83194132,-1509.3282470703125
83194134,466.0567626953125
83194136,1535.1851806640625
83194138,1127.9410400390625
83194140,1226.20166015625
83194142,951.9974365234375
83194144,-64.59049224853516
83194146,-1941.37841796875
83194148,-2021.877685546875
83194150,-757.6984252929688
83194152,1272.378662109375
83194154,1307.6064453125
83194156,1158.5914306640625
83194158,1110.44140625
83194160,615.2877807617188
83194162,-1046.2081298828125
83194164,-2178.244873046875
83194166,-1635.83837890625
83194168,314.5619201660156
83194170,1574.778564453125
83194172,1112.813232421875
83194174,1189.1671142578125
83194176,893.3883056640625
83194178,16.74783706665039
83194180,-1887.5667724609375
83194182,-2030.712646484375
83194184,-910.3895263671875
83194186,1209.49951171875
83194188,1342.6099853515625
83194190,1141.5362548828125
83194192,1115.7042236328125
83194194,707.0270385742188
83194196,-879.2033081054688
83194198,-2168.1513671875
83194200,-1691.14111328125
83194202,109.52969360351562
83194204,1531.6669921875
83194206,1093.4901123046875
83194208,1206.675048828125
83194210,891.10791015625
83194212,141.0814208984375
83194214,-1774.377685546875
83194216,-2056.378662109375
83194218,-1043.8197021484375
83194220,1022.7686767578125
83194222,1387.15869140625
83194224,1119.297119140625
83194226,1132.040771484375
83194228,753.6028442382812
83194230,-725.4156494140625
83194232,-2146.348388671875
83194234,-1738.177978515625
83194236,-47.148983001708984
83194238,1546.2548828125
83194240,1124.7177734375
83194242,1238.2100830078125
83194244,974.082763671875
83194246,263.54168701171875
83194248,-1641.91943359375
83194250,-2103.162109375
83194252,-1179.34765625
83194254,945.6505126953125
83194256,1414.444580078125
83194258,1128.4976806640625
83194260,1167.47216796875
83194262,777.573974609375
83194264,-581.5013427734375
83194266,-2138.6181640625
83194268,-1796.218017578125
83194270,-221.85899353027344
83194272,1456.8375244140625
83194274,1180.024658203125
83194276,1242.21435546875
83194278,1023.8070678710938
83194280,365.7815856933594
83194282,-1515.338623046875
83194284,-2108.5244140625
83194286,-1312.2462158203125
83194288,757.9102783203125
83194290,1482.740234375
83194292,1088.3934326171875
83194294,1179.5843505859375
83194296,772.65185546875
83194298,-415.0240478515625
83194300,-2078.89599609375
83194302,-1859.08056640625
83194304,-427.1820068359375
83194306,1467.4503173828125
83194308,1237.433349609375
83194310,1212.6397705078125
83194312,1049.4896240234375
83194314,507.91802978515625
83194316,-1359.84375
83194318,-2087.38623046875
83194320,-1383.727783203125
83194322,667.3173828125
83194324,1498.341552734375
83194326,1115.8662109375
83194328,1173.7193603515625
83194330,866.4638061523438
83194332,-289.36126708984375
83194334,-1999.3353271484375
83194336,-1939.251708984375
83194338,-531.6109008789062
83194340,1377.6175537109375
83194342,1194.60009765625
83194344,1171.2021484375
83194346,1030.835205078125
83194348,524.1425170898438
83194350,-1239.7220458984375
83194352,-2147.432373046875
83194354,-1489.19921875
83194356,499.08306884765625
83194358,1486.5699462890625
83194360,1092.1109619140625
83194362,1149.57373046875
83194364,894.48486328125
83194366,-142.31922912597656
83194368,-1975.708984375
83194370,-1980.955078125
83194372,-696.4267578125
83194374,1291.9676513671875
83194376,1259.4522705078125
83194378,1150.1219482421875
83194380,1029.2359619140625
83194382,595.6697387695312
83194384,-1108.05712890625
83194386,-2222.61083984375
83194388,-1597.6905517578125
83194390,369.312255859375
83194392,1513.502685546875
83194394,1084.0860595703125
83194396,1169.8521728515625
83194398,897.1183471679688
83194400,-25.250520706176758
83194402,-1904.725830078125
83194404,-2006.2969970703125
83194406,-863.6641845703125
83194408,1212.46533203125
83194410,1318.6885986328125
83194412,1147.47607421875
83194414,1085.6063232421875
83194416,687.654052734375
83194418,-896.889892578125
83194420,-2141.02734375
83194422,-1684.2418212890625
83194424,186.3903045654297
83194426,1553.2373046875
83194428,1110.6407470703125
83194430,1183.6923828125
83194432,952.21337890625
83194434,117.99083709716797
83194436,-1811.387451171875
83194438,-2030.5631103515625
83194440,-1026.909912109375
83194442,1152.5435791015625
83194444,1364.699462890625
83194446,1131.2432861328125
83194448,1140.9630126953125
83194450,708.900390625
83194452,-776.950927734375
83194454,-2153.4013671875
83194456,-1776.0972900390625
83194458,-12.270116806030273
83194460,1542.0263671875
83194462,1095.6707763671875
83194464,1016.9119262695312
83194466,786.4713134765625
83194468,79.17839050292969
83194470,-1842.2039794921875
83194472,-2227.30859375
83194474,-1218.542236328125
83194476,944.1676025390625
83194478,1360.641357421875
83194480,1062.1875
83194482,1117.1829833984375
83194484,719.239013671875
83194486,-630.21630859375
83194488,-2207.35009765625
83194490,-1871.9945068359375
83194492,-174.57293701171875
83194494,1445.2652587890625
83194496,1128.663818359375
83194498,1224.689697265625
83194500,984.5626220703125
83194502,343.9869384765625
83194504,-1524.327392578125
83194506,-2133.056396484375
83194508,-1268.31640625
83194510,858.1272583007812
83194512,1437.6514892578125
83194514,1128.6845703125
83194516,1184.784912109375
83194518,803.381103515625
83194520,-431.21942138671875
83194522,-2083.35693359375
83194524,-1888.7879638671875
83194526,-388.473388671875
83194528,1424.0562744140625
83194530,1179.7838134765625
83194532,1198.2803955078125
83194534,1022.7603759765625
83194536,423.46856689453125
83194538,-1450.4656982421875
83194540,-2150.323486328125
83194542,-1364.35888671875
83194544,741.079345703125
83194546,1505.61474609375
83194548,1102.6822509765625
83194550,1170.5791015625
83194552,846.5342407226562
83194554,-320.3937683105469
83194556,-2026.9534912109375
83194558,-1958.354736328125
83194560,-541.1769409179688
83194562,1406.7601318359375
83194564,1188.3238525390625
83194566,1232.1248779296875
83194568,1037.4354248046875
83194570,507.2492980957031
83194572,-1294.71337890625
83194574,-2141.039794921875
83194576,-1449.9423828125
83194578,560.363037109375
83194580,1516.1611328125
83194582,1139.0439453125
83194584,1221.557861328125
83194586,930.8466186523438
83194588,-186.41937255859375
83194590,-1974.3507080078125
83194592,-1959.7545166015625
83194594,-627.9483642578125
83194596,1370.157470703125
83194598,1300.578369140625
83194600,1182.5252685546875
83194602,1053.1573486328125
83194604,584.687255859375
83194606,-1176.97998046875
83194608,-2184.595947265625
83194610,-1528.2442626953125
83194612,433.05120849609375
83194614,1513.71875
83194616,1128.917236328125
83194618,1211.7176513671875
83194620,911.6522216796875
83194622,-56.951786041259766
83194624,-1909.897216796875
83194626,-1998.9615478515625
83194628,-782.1181640625
83194630,1272.02978515625
83194632,1284.5823974609375
83194634,1140.53515625
83194636,1061.19482421875
83194638,628.67529296875
83194640,-1022.320068359375
83194642,-2193.9208984375
83194644,-1691.0123291015625
83194646,239.7906494140625
83194648,1561.133544921875
83194650,1130.1591796875
83194652,1214.4715576171875
83194654,954.4315185546875
83194656,92.32079315185547
83194658,-1819.5079345703125
83194660,-2040.67333984375
83194662,-930.8134155273438
83194664,1193.2584228515625
83194666,1418.7894287109375
83194668,1181.3455810546875
83194670,1125.02099609375
83194672,704.5098876953125
83194674,-829.6119384765625
83194676,-2172.994384765625
83194678,-1746.9505615234375
83194680,94.10274505615234
83194682,1541.8145751953125
83194684,1165.927001953125
83194686,1251.323486328125
83194688,996.2761840820312
83194690,232.37208557128906
83194692,-1680.196044921875
83194694,-2075.452392578125
83194696,-1081.88037109375
83194698,1071.853271484375
83194700,1404.36767578125
83194702,1168.3319091796875
83194704,1157.6153564453125
83194706,793.9521484375
83194708,-700.5971069335938
83194710,-2145.372314453125
83194712,-1790.465087890625
83194714,-94.4890365600586
83194716,1542.56640625
83194718,1165.349609375
83194720,1220.38232421875
83194722,967.5780639648438
83194724,342.2756042480469
83194726,-1605.0052490234375
83194728,-2107.76025390625
83194730,-1203.8463134765625
83194732,930.7136840820312
83194734,1461.3734130859375
83194736,1147.5924072265625
83194738,1150.9444580078125
83194740,785.6114501953125
83194742,-502.57635498046875
83194744,-2069.558349609375
83194746,-1853.37744140625
83194748,-297.9013366699219
83194750,1495.799560546875
83194752,1200.8389892578125
83194754,1267.435791015625
83194756,1040.6422119140625
83194758,387.5263366699219
83194760,-1479.172119140625
83194762,-2136.956787109375
83194764,-1321.3594970703125
83194766,765.42431640625
83194768,1489.0206298828125
83194770,1113.764404296875
83194772,1181.262451171875
83194774,864.0421752929688
83194776,-366.0972595214844
83194778,-2112.66162109375
83194780,-1882.25830078125
83194782,-434.26824951171875
83194784,1430.835205078125
83194786,1192.431884765625
83194788,1191.4266357421875
83194790,1020.4218139648438
83194792,503.9179992675781
83194794,-1357.99951171875
83194796,-2179.607177734375
83194798,-1442.3077392578125
83194800,671.6414184570312
83194802,1499.86181640625
83194804,1088.6883544921875
83194806,1163.804443359375
83194808,836.0917358398438
83194810,-256.9953918457031
83194812,-2017.1839599609375
83194814,-1977.1585693359375
83194816,-637.7677612304688
83194818,1363.5489501953125
83194820,1239.834228515625
83194822,1331.7437744140625
83194824,1333.5174560546875
83194826,755.8001708984375
83194828,-1040.00244140625
83194830,-2087.327880859375
83194832,-1440.9453125
83194834,572.8948364257812
83194836,1578.10986328125
83194838,1201.9398193359375
83194840,1286.326904296875
83194842,1009.3604125976562
83194844,-20.008514404296875
83194846,-1890.2708740234375
83194848,-1971.156494140625
83194850,-711.7457275390625
83194852,1363.092041015625
83194854,1375.9228515625
83194856,1232.9971923828125
83194858,1157.3411865234375
83194860,681.1742553710938
83194862,-1001.1235961914062
83194864,-2171.93115234375
83194866,-1641.7159423828125
83194868,347.750244140625
83194870,1528.090576171875
83194872,1134.2381591796875
83194874,1239.6099853515625
83194876,911.8889770507812
83194878,20.938949584960938
83194880,-1890.1337890625
83194882,-2026.3511962890625
83194884,-936.8197021484375
83194886,1191.4058837890625
83194888,1353.44287109375
83194890,1176.7806396484375
83194892,1127.49658203125
83194894,679.8907470703125
83194896,-889.882568359375
83194898,-2155.943359375
83194900,-1672.4576416015625
83194902,149.99533081054688
83194904,1499.9573974609375
83194906,1116.746826171875
83194908,1216.95556640625
83194910,940.8529663085938
83194912,149.8956298828125
83194914,-1752.176025390625
83194916,-2055.684814453125
83194918,-1080.7381591796875
83194920,1090.0341796875
83194922,1369.3392333984375
83194924,1129.7354736328125
83194926,1113.10400390625
83194928,790.5045776367188
83194930,-714.69482421875
83194932,-2172.255126953125
83194934,-1773.1357421875
83194936,-21.19232749938965
83194938,1547.3223876953125
83194940,1114.312744140625
83194942,1268.025634765625
83194944,977.8211669921875
83194946,269.80133056640625
83194948,-1672.4949951171875
83194950,-2148.56640625
83194952,-1180.3695068359375
83194954,937.5590209960938
83194956,1443.7325439453125
83194958,1097.2574462890625
83194960,1115.4923095703125
83194962,792.743408203125
83194964,-560.1719360351562
83194966,-2148.06787109375
83194968,-1817.7010498046875
83194970,-222.25360107421875
83194972,1467.7618408203125
83194974,1158.6287841796875
83194976,1205.495361328125
83194978,982.27392578125
83194980,403.59295654296875
83194982,-1474.1585693359375
83194984,-2156.68701171875
83194986,-1309.72900390625
83194988,815.804931640625
83194990,1420.2763671875
83194992,1099.77880859375
83194994,1182.5958251953125
83194996,845.553955078125
83194998,-442.2807922363281
83195000,-2119.830810546875
83195002,-1909.3905029296875
83195004,-357.9891662597656
83195006,1425.62646484375
83195008,1236.6400146484375
83195010,1182.3466796875
83195012,1040.28076171875
83195014,491.9344787597656
83195016,-1352.250732421875
83195018,-2170.53955078125
83195020,-1459.4918212890625
83195022,666.9310913085938
83195024,1474.0963134765625
83195026,1097.7642822265625
83195028,1196.0
83195030,845.6328735351562
83195032,-335.916259765625
83195034,-2035.252685546875
83195036,-1929.7935791015625
83195038,-532.2173461914062
83195040,1438.3243408203125
83195042,1245.7906494140625
83195044,1150.209228515625
83195046,1052.5965576171875
83195048,540.7698974609375
83195050,-1204.332275390625
83195052,-2151.2041015625
83195054,-1495.562744140625
83195056,527.0127563476562
83195058,1499.458984375
83195060,1076.123291015625
83195062,1192.0455322265625
83195064,892.7112426757812
83195066,-143.43243408203125
83195068,-1968.8968505859375
83195070,-1999.15673828125
83195072,-733.6067504882812
83195074,1288.8939208984375
83195076,1277.0350341796875
83195078,1166.936279296875
83195080,1094.30419921875
83195082,598.6022338867188
83195084,-1096.2564697265625
83195086,-2175.9560546875
83195088,-1639.489501953125
83195090,296.3810729980469
83195092,1477.2156982421875
83195094,1079.9613037109375
83195096,1189.94384765625
83195098,904.2378540039062
83195100,-32.6524658203125
83195102,-1961.428466796875
83195104,-2116.723876953125
83195106,-943.9308471679688
83195108,1142.6162109375
83195110,1228.24951171875
83195112,1049.2860107421875
83195114,1038.5570068359375
83195116,557.1314086914062
83195118,-1028.67529296875
83195120,-2261.302734375
83195122,-1781.630126953125
83195124,74.82943725585938
83195126,1462.44091796875
83195128,1012.7747802734375
83195130,1149.669189453125
83195132,828.8143920898438
83195134,-29.969158172607422
83195136,-1931.343017578125
83195138,-2197.69677734375
83195140,-1112.829833984375
83195142,998.7600708007812
83195144,1268.7857666015625
83195146,1023.9607543945312
83195148,1021.8548583984375
83195150,616.6834716796875
83195152,-916.5286865234375
83195154,-2199.283447265625
83195156,-1847.4044189453125
83195158,-66.214599609375
83195160,1422.4945068359375
83195162,1034.9639892578125
83195164,1099.74560546875
83195166,862.7669677734375
83195168,174.68508911132812
83195170,-1793.2855224609375
83195172,-2192.3798828125
83195174,-1223.663818359375
83195176,899.7393188476562
83195178,1319.1788330078125
83195180,1018.9140014648438
83195182,899.2076416015625
83195184,414.36773681640625
83195186,-843.5352172851562
83195188,-2360.92578125
83195190,-2033.2879638671875
83195192,-355.9580078125
83195194,1340.7989501953125
83195196,989.866943359375
83195198,1099.0601806640625
83195200,846.1312866210938
83195202,217.33558654785156
83195204,-1662.214599609375
83195206,-2242.39501953125
83195208,-1311.2119140625
83195210,786.612548828125
83195212,1355.6817626953125
83195214,1062.0172119140625
83195216,1041.75537109375
83195218,701.2492065429688
83195220,-588.02685546875
83195222,-2206.71435546875
83195224,-1996.643798828125
83195226,-418.61285400390625
83195228,1349.5882568359375
83195230,1104.4974365234375
83195232,1132.522705078125
83195234,917.2098999023438
83195236,328.3232421875
83195238,-1549.4449462890625
83195240,-2221.3564453125
83195242,-1474.1627197265625
83195244,627.9151611328125
83195246,1424.2847900390625
83195248,1006.1537475585938
83195250,1122.9482421875
83195252,727.9826049804688
83195254,-445.47088623046875
83195256,-2175.01318359375
83195258,-1997.5242919921875
83195260,-567.8521728515625
83195262,1381.1898193359375
83195264,1124.975341796875
83195266,1147.9371337890625
83195268,991.7029418945312
83195270,472.578125
83195272,-1340.4376220703125
83195274,-2194.963623046875
83195276,-1525.7188720703125
83195278,549.0233764648438
83195280,1497.1785888671875
83195282,1085.564697265625
83195284,1180.7225341796875
83195286,918.1195678710938
83195288,-163.8563232421875
83195290,-2015.2275390625
83195292,-1986.114013671875
83195294,-672.9789428710938
83195296,1345.3721923828125
83195298,1237.055419921875
83195300,1156.6474609375
83195302,1047.6370849609375
83195304,550.5809936523438
83195306,-1133.3865966796875
83195308,-2157.741943359375
83195310,-1576.7308349609375
83195312,462.63824462890625
83195314,1539.7418212890625
83195316,1135.8538818359375
83195318,1298.5098876953125
83195320,972.3922119140625
83195322,51.03687286376953
83195324,-1859.3172607421875
83195326,-1928.7593994140625
83195328,-733.78955078125
83195330,1359.0255126953125
83195332,1383.9686279296875
83195334,1307.7310791015625
83195336,1195.5845947265625
83195338,783.5180053710938
83195340,-830.6005249023438
83195342,-2017.8818359375
83195344,-1485.448486328125
83195346,423.713623046875
83195348,1720.90673828125
83195350,1287.843017578125
83195352,1379.6072998046875
83195354,1124.734375
83195356,242.23719787597656
83195358,-1669.3922119140625
83195360,-1894.35400390625
83195362,-846.193603515625
83195364,1272.353759765625
83195366,1436.1976318359375
83195368,1264.5614013671875
83195370,1212.2535400390625
83195372,829.6742553710938
83195374,-713.9721069335938
83195376,-2089.529541015625
83195378,-1642.60888671875
83195380,209.871337890625
83195382,1609.2711181640625
83195384,1188.22412109375
83195386,1280.6197509765625
83195388,1015.8194580078125
83195390,273.664306640625
83195392,-1711.3489990234375
83195394,-2036.0377197265625
83195396,-1057.0494384765625
83195398,1106.8692626953125
83195400,1450.1126708984375
83195402,1221.6700439453125
83195404,1177.499267578125
83195406,824.6648559570312
83195408,-648.2974853515625
83195410,-2125.47998046875
83195412,-1744.90283203125
83195414,-74.5345230102539
83195416,1546.7698974609375
83195418,1139.6588134765625
83195420,1254.314208984375
83195422,1011.0551147460938
83195424,320.2899169921875
83195426,-1577.3829345703125
83195428,-2079.170166015625
83195430,-1205.5992431640625
83195432,983.478515625
83195434,1514.1881103515625
83195436,1162.724365234375
83195438,1190.61669921875
83195440,826.3720092773438
83195442,-500.8525390625
83195444,-2122.310791015625
83195446,-1831.0511474609375
83195448,-242.0045928955078
83195450,1503.118408203125
83195452,1246.73779296875
83195454,1228.19970703125
83195456,1056.305908203125
83195458,398.479736328125
83195460,-1449.954833984375
83195462,-2127.810302734375
83195464,-1312.944091796875
83195466,775.2063598632812
83195468,1468.6922607421875
83195470,1129.54443359375
83195472,1178.1015625
83195474,870.0194091796875
83195476,-310.8858947753906
83195478,-2040.748046875
83195480,-1899.496337890625
83195482,-402.03948974609375
83195484,1431.3792724609375
83195486,1234.1768798828125
83195488,1195.406005859375
83195490,1070.0380859375
83195492,513.2265014648438
83195494,-1330.02001953125
83195496,-2163.32470703125
83195498,-1462.8936767578125
83195500,644.9578857421875
83195502,1518.5537109375
83195504,1133.6524658203125
83195506,1217.67822265625
83195508,862.7628173828125
83195510,-194.51499938964844
83195512,-2019.80078125
83195514,-1953.208251953125
83195516,-598.1495361328125
83195518,1361.6881103515625
83195520,1275.302978515625
83195522,1189.407958984375
83195524,1096.3270263671875
83195526,574.0994262695312
83195528,-1139.95361328125
83195530,-2151.7939453125
83195532,-1569.4617919921875
83195534,470.39324951171875
83195536,1543.0689697265625
83195538,1055.5665283203125
83195540,1280.3829345703125
83195542,1172.99658203125
83195544,152.73678588867188
83195546,-1765.879150390625
83195548,-1850.25390625
83195550,-626.9140625
83195552,1421.80908203125
83195554,1454.906005859375
83195556,1263.45654296875
83195558,1137.9556884765625
83195560,725.7313232421875
83195562,-950.6017456054688
83195564,-2139.44482421875
83195566,-1588.9593505859375
83195568,343.57574462890625
83195570,1605.250244140625
83195572,1155.60498046875
83195574,1219.181884765625
83195576,977.0443725585938
83195578,97.39249420166016
83195580,-1859.2674560546875
83195582,-2033.3543701171875
83195584,-869.3672485351562
83195586,1193.05078125
83195588,1322.9005126953125
83195590,1150.1177978515625
83195592,1089.9302978515625
83195594,705.0042114257812
83195596,-892.7860107421875
83195598,-2227.130126953125
83195600,-1711.6563720703125
83195602,84.72777557373047
83195604,1499.3011474609375
83195606,1093.8763427734375
83195608,1158.8116455078125
83195610,896.1712646484375
83195612,91.6063461303711
83195614,-1800.2803955078125
83195616,-2104.765380859375
83195618,-1117.681396484375
83195620,1002.323974609375
83195622,1318.3604736328125
83195624,1108.9501953125
83195626,1101.3115234375
83195628,722.3584594726562
83195630,-737.3866577148438
83195632,-2194.211669921875
83195634,-1786.0289306640625
83195636,-80.23343658447266
83195638,1499.159912109375
83195640,1127.75830078125
83195642,1213.075927734375
83195644,950.8634643554688
83195646,243.62869262695312
83195648,-1646.45947265625
83195650,-2109.1640625
83195652,-1195.0528564453125
83195654,946.103271484375
83195656,1377.16064453125
83195658,1103.6541748046875
83195660,1158.2425537109375
83195662,793.0341796875
83195664,-527.0210571289062
83195666,-2132.8486328125
83195668,-1816.878662109375
83195670,-232.5922393798828
83195672,1469.672607421875
83195674,1217.698974609375
83195676,1259.174072265625
83195678,990.1951293945312
83195680,428.7147216796875
83195682,-1455.0888671875
83195684,-2124.56201171875
83195686,-1298.2606201171875
83195688,788.3197021484375
83195690,1477.572998046875
83195692,1123.3760986328125
83195694,1203.638671875
83195696,848.8395385742188
83195698,-397.64483642578125
83195700,-2108.927490234375
83195702,-1864.318359375
83195704,-377.6820068359375
83195706,1436.376220703125
83195708,1227.1280517578125
83195710,1194.48388671875
83195712,1014.5775146484375
83195714,451.5893249511719
83195716,-1363.191650390625
83195718,-2172.371337890625
83195720,-1408.691650390625
83195722,635.9235229492188
83195724,1469.182373046875
83195726,1100.1817626953125
83195728,1179.5552978515625
83195730,880.7609252929688
83195732,-288.2148132324219
83195734,-2073.304931640625
83195736,-1934.17578125
83195738,-559.2955322265625
83195740,1383.702880859375
83195742,1258.646484375
83195744,1208.6356201171875
83195746,1062.748291015625
83195748,522.1487426757812
83195750,-1250.193603515625
83195752,-2133.579833984375
83195754,-1484.933349609375
83195756,553.5218505859375
83195758,1540.173828125
83195760,1084.4722900390625
83195762,1213.998046875
83195764,825.5537109375
83195766,-169.3766326904297
83195768,-2004.0997314453125
83195770,-1974.7120361328125
83195772,-730.3170166015625
83195774,1282.87939453125
83195776,1221.4705810546875
83195778,1183.4847412109375
83195780,1041.718017578125
83195782,610.3531494140625
83195784,-1102.0010986328125
83195786,-2165.14404296875
83195788,-1629.5870361328125
83195790,360.28204345703125
83195792,1521.116455078125
83195794,1114.5784912109375
83195796,1229.6617431640625
83195798,946.0368041992188
83195800,37.40848922729492
83195802,-1877.7515869140625
83195804,-2005.4580078125
83195806,-886.8004760742188
83195808,1215.5390625
83195810,1320.23388671875
83195812,1143.484375
83195814,1077.5230712890625
83195816,668.8958129882812
83195818,-927.9680786132812
83195820,-2185.663330078125
83195822,-1684.129638671875
83195824,175.71937561035156
83195826,1519.837158203125
83195828,1128.7303466796875
83195830,1217.345947265625
83195832,915.1870727539062
83195834,133.7999267578125
83195836,-1832.2889404296875
83195838,-2045.337890625
83195840,-1012.010498046875
83195842,1085.3280029296875
83195844,1309.733154296875
83195846,1096.6634521484375
83195848,1089.776611328125
83195850,694.586669921875
83195852,-796.4734497070312
83195854,-2205.314697265625
83195856,-1759.55712890625
83195858,-20.232816696166992
83195860,1486.8648681640625
83195862,1072.8626708984375
83195864,1172.5189208984375
83195866,929.0148315429688
83195868,197.64691162109375
83195870,-1756.2923583984375
83195872,-2088.14208984375
83195874,-1162.4169921875
83195876,955.5654907226562
83195878,1355.3038330078125
83195880,1093.5855712890625
83195882,1126.1175537109375
83195884,716.7467651367188
83195886,-682.5325317382812
83195888,-2201.93359375
83195890,-1841.481201171875
83195892,-209.7882537841797
83195894,1463.8074951171875
83195896,1145.307861328125
83195898,1208.3656005859375
83195900,950.9423828125
83195902,80.9686508178711
83195904,-1706.1527099609375
83195906,-2293.253173828125
83195908,-1415.375
83195910,739.87060546875
83195912,1361.584228515625
83195914,1016.6253051757812
83195916,1090.7984619140625
83195918,752.348388671875
83195920,-505.69580078125
83195922,-2189.505615234375
83195924,-1941.14990234375
83195926,-407.1568603515625
83195928,1446.4615478515625
83195930,1161.3577880859375
83195932,1193.914794921875
83195934,1000.8162231445312
83195936,471.8055114746094
83195938,-1432.97021484375
83195940,-2116.39990234375
83195942,-1322.705322265625
83195944,745.7107543945312
83195946,1527.8331298828125
83195948,1153.3577880859375
83195950,1211.59716796875
83195952,846.177001953125
83195954,-295.3800048828125
83195956,-2008.0623779296875
83195958,-1904.1693115234375
83195960,-476.60308837890625
83195962,1374.1492919921875
83195964,1256.810546875
83195966,1207.0946044921875
83195968,1057.3568115234375
83195970,515.6854858398438
83195972,-1236.0086669921875
83195974,-2145.88720703125
83195976,-1462.5614013671875
83195978,569.3267822265625
83195980,1530.9774169921875
83195982,1138.7532958984375
83195984,1241.7242431640625
83195986,926.024169921875
83195988,-128.89437866210938
83195990,-1977.7733154296875
83195992,-1926.4249267578125
83195994,-637.8799438476562
83195996,1341.3763427734375
83195998,1270.845947265625
83196000,1198.4173583984375
83196002,1059.2633056640625
83196004,584.1348266601562
83196006,-1101.6728515625
83196008,-2164.134521484375
83196010,-1576.97998046875
83196012,416.64398193359375
83196014,1575.3018798828125
83196016,1122.33349609375
83196018,1269.4088134765625
83196020,947.7855224609375
83196022,-46.61315155029297
83196024,-1889.72265625
83196026,-2001.32080078125
83196028,-819.8506469726562
83196030,1273.541748046875
83196032,1337.0814208984375
83196034,1165.3162841796875
83196036,1101.7767333984375
83196038,625.10302734375
83196040,-946.5809326171875
83196042,-2186.926025390625
83196044,-1680.0797119140625
83196046,230.63998413085938
83196048,1559.5426025390625
83196050,1090.1754150390625
83196052,1240.6650390625
83196054,948.86962890625
83196056,103.46524810791016
83196058,-1840.1851806640625
83196060,-2062.32666015625
83196062,-983.150390625
83196064,1136.21533203125
83196066,1342.9837646484375
83196068,1184.19921875
83196070,1175.3267822265625
83196072,735.2723999023438
83196074,-801.798583984375
83196076,-2185.37255859375
83196078,-1750.7596435546875
83196080,58.85419464111328
83196082,1563.9622802734375
83196084,1154.22998046875
83196086,1257.8739013671875
83196088,982.3611450195312
83196090,200.94912719726562
83196092,-1724.3419189453125
83196094,-2079.83056640625
83196096,-1096.1650390625
83196098,1032.097900390625
83196100,1449.8592529296875
83196102,1171.17724609375
83196104,1168.975830078125
83196106,793.4495849609375
83196108,-632.3720703125
83196110,-2157.388916015625
83196112,-1787.8814697265625
83196114,-131.8726043701172
83196116,1543.6712646484375
83196118,1162.93212890625
83196120,1214.230712890625
83196122,1034.548583984375
83196124,315.79974365234375
83196126,-1585.412109375
83196128,-2094.455810546875
83196130,-1223.6263427734375
83196132,893.4132080078125
83196134,1453.265380859375
83196136,1134.67431640625
83196138,1200.930419921875
83196140,813.2337646484375
83196142,-482.2147521972656
83196144,-2127.050048828125
83196146,-1887.114013671875
83196148,-313.7145690917969
83196150,1477.97998046875
83196152,1187.7298583984375
83196154,1215.273193359375
83196156,1006.544189453125
83196158,444.6858215332031
83196160,-1445.979736328125
83196162,-2140.105224609375
83196164,-1357.920654296875
83196166,735.941162109375
83196168,1503.471435546875
83196170,1125.9930419921875
83196172,1195.522216796875
83196174,882.1815185546875
83196176,-301.20770263671875
83196178,-2030.8829345703125
83196180,-1942.636962890625
83196182,-449.7159729003906
83196184,1410.7061767578125
83196186,1208.56494140625
83196188,1170.3922119140625
83196190,1045.1572265625
83196192,530.032470703125
83196194,-1304.7279052734375
83196196,-2168.72021484375
83196198,-1451.429443359375
83196200,599.7154541015625
83196202,1496.3104248046875
83196204,1143.82080078125
83196206,1192.8182373046875
83196208,908.3250732421875
83196210,-204.5545654296875
83196212,-2013.6865234375
83196214,-1933.286865234375
83196216,-634.8518676757812
83196218,1395.636474609375
83196220,1273.0599365234375
83196222,1219.8465576171875
83196224,1052.5135498046875
83196226,564.35888671875
83196228,-1187.7630615234375
83196230,-2192.2138671875
83196232,-1548.1240234375
83196234,447.31097412109375
83196236,1530.6575927734375
83196238,1105.0706787109375
83196240,1254.1854248046875
83196242,944.7865600585938
83196244,-42.08974075317383
83196246,-1895.4090576171875
83196248,-2000.689453125
83196250,-757.0961303710938
83196252,1266.5966796875
83196254,1352.0804443359375
83196256,1200.552490234375
83196258,1126.819580078125
83196260,776.8844604492188
83196262,-694.0674438476562
83196264,-2051.2861328125
83196266,-1513.0748291015625
83196268,403.3852844238281
83196270,1667.477294921875
83196272,1210.8204345703125
83196274,1272.1378173828125
83196276,1046.046142578125
83196278,136.5164794921875
83196280,-1791.92724609375
83196282,-1954.242431640625
83196284,-893.6126098632812
83196286,1219.2857666015625
83196288,1387.2086181640625
83196290,1191.6925048828125
83196292,1166.7327880859375
83196294,761.4824829101562
83196296,-856.21240234375
83196298,-2166.739013671875
83196300,-1710.00732421875
83196302,117.79976654052734
83196304,1564.8427734375
83196306,1112.7425537109375
83196308,1232.507080078125
83196310,939.9308471679688
83196312,200.43821716308594
83196314,-1759.8770751953125
83196316,-2071.2822265625
83196318,-1087.30517578125
83196320,1020.0022583007812
83196322,1408.8038330078125
83196324,1157.3245849609375
83196326,1173.1129150390625
83196328,818.7000732421875
83196330,-686.5034790039062
83196332,-2146.817626953125
83196334,-1776.6912841796875
83196336,-38.189388275146484
83196338,1503.2513427734375
83196340,1167.80029296875
83196342,1235.7510986328125
83196344,997.9210205078125
83196346,324.92547607421875
83196348,-1656.6361083984375
83196350,-2076.794189453125
83196352,-1214.1683349609375
83196354,894.439208984375
83196356,1407.7197265625
83196358,1114.4498291015625
83196360,1154.412841796875
83196362,798.7206420898438
83196364,-530.2609252929688
83196366,-2124.275390625
83196368,-1839.923583984375
83196370,-222.2743682861328
83196372,1520.5474853515625
83196374,1165.5157470703125
83196376,1252.7357177734375
83196378,1047.8447265625
83196380,390.8659362792969
83196382,-1485.50244140625
83196384,-2169.5302734375
83196386,-1324.3709716796875
83196388,768.6559448242188
83196390,1484.007080078125
83196392,1126.7281494140625
83196394,1187.9500732421875
83196396,853.8489379882812
83196398,-406.76226806640625
83196400,-2047.2030029296875
83196402,-1900.169189453125
83196404,-428.48626708984375
83196406,1404.691650390625
83196408,1217.2171630859375
83196410,1194.88671875
83196412,1045.6058349609375
83196414,461.8323974609375
83196416,-1374.94677734375
83196418,-2172.990234375
83196420,-1453.036865234375
83196422,657.281982421875
83196424,1462.154296875
83196426,1122.624267578125
83196428,1197.64892578125
83196430,842.7377319335938
83196432,-260.3474426269531
83196434,-2043.5477294921875
83196436,-1954.412841796875
83196438,-599.54931640625
83196440,1359.5572509765625
83196442,1235.59326171875
83196444,1183.6259765625
83196446,1077.1534423828125
83196448,542.8550415039062
83196450,-1216.797607421875
83196452,-2177.821044921875
83196454,-1555.8914794921875
83196456,452.63189697265625
83196458,1521.72705078125
83196460,1105.897216796875
83196462,1212.9554443359375
83196464,879.884521484375
83196466,-114.74262237548828
83196468,-1992.809814453125
83196470,-2020.436279296875
83196472,-785.5865478515625
83196474,1302.63037109375
83196476,1311.12890625
83196478,1143.3099365234375
83196480,1080.1358642578125
83196482,618.4778442382812
83196484,-1039.670166015625
83196486,-2201.734130859375
83196488,-1645.7491455078125
83196490,277.2780456542969
83196492,1522.345947265625
83196494,1121.5859375
83196496,1144.5933837890625
83196498,907.257568359375
83196500,53.32558059692383
83196502,-1911.7830810546875
83196504,-2042.6380615234375
83196506,-918.0074462890625
83196508,1149.7772216796875
83196510,1332.13427734375
83196512,1133.9058837890625
83196514,1047.815673828125
83196516,636.1602783203125
83196518,-945.2974243164062
83196520,-2221.360595703125
83196522,-1722.2484130859375
83196524,27.80091094970703
83196526,1491.579345703125
83196528,1076.2520751953125
83196530,1214.1226806640625
83196532,961.7213134765625
83196534,102.356201171875
83196536,-1832.1644287109375
83196538,-2124.985595703125
83196540,-1101.328125
83196542,1039.5455322265625
83196544,1330.672119140625
83196546,1066.4700927734375
83196548,1068.4180908203125
83196550,700.0363159179688
83196552,-797.9314575195312
83196554,-2230.885009765625
83196556,-1833.7261962890625
83196558,-80.44528198242188
83196560,1436.1727294921875
83196562,1130.6036376953125
83196564,1162.338134765625
83196566,906.0986938476562
83196568,163.7607879638672
83196570,-1759.154296875
83196572,-2219.179931640625
83196574,-1295.029052734375
83196576,839.4354858398438
83196578,1281.0350341796875
83196580,1007.9813842773438
83196582,1024.9700927734375
83196584,631.9816284179688
83196586,-702.8733520507812
83196588,-2337.901611328125
83196590,-2036.7978515625
83196592,-402.4008483886719
83196594,1225.3502197265625
83196596,942.3607788085938
83196598,989.1068115234375
83196600,800.95947265625
83196602,191.07571411132812
83196604,-1752.151123046875
83196606,-2372.65185546875
83196608,-1510.76123046875
83196610,607.9730834960938
83196612,1244.4656982421875
83196614,929.5174560546875
83196616,1017.6304931640625
83196618,656.7586059570312
83196620,-803.31884765625
83196622,-2502.676025390625
83196624,-2192.595947265625
83196626,-709.7394409179688
83196628,1195.218994140625
83196630,970.70166015625
83196632,1046.876953125
83196634,849.9028930664062
83196636,326.3169860839844
83196638,-1482.6156005859375
83196640,-2295.86181640625
83196642,-1538.05126953125
83196644,597.0819702148438
83196646,1388.9365234375
83196648,1036.1727294921875
83196650,1156.3525390625
83196652,802.5046997070312
83196654,-311.40924072265625
83196656,-2065.6953125
83196658,-1965.6278076171875
83196660,-585.9832153320312
83196662,1408.305419921875
83196664,1278.721435546875
83196666,1239.792724609375
83196668,1080.119140625
83196670,571.7899169921875
83196672,-1210.895263671875
83196674,-2114.82568359375
83196676,-1447.545654296875
83196678,604.2969970703125
83196680,1610.7913818359375
83196682,1223.8009033203125
83196684,1314.6719970703125
83196686,1076.0194091796875
83196688,55.71397399902344
83196690,-1809.879638671875
83196692,-1817.8839111328125
83196694,-539.9682006835938
83196696,1491.562744140625
83196698,1495.774658203125
83196700,1399.0341796875
83196702,1262.256103515625
83196704,839.7345581054688
83196706,-895.1411743164062
83196708,-2031.92138671875
83196710,-1440.3431396484375
83196712,524.9275512695312
83196714,1678.73388671875
83196716,1233.5745849609375
83196718,1348.782470703125
83196720,997.5471801757812
83196722,82.93336486816406
83196724,-1830.0126953125
83196726,-1953.3536376953125
83196728,-785.5906982421875
83196730,1265.60400390625
83196732,1371.623779296875
83196734,1220.2784423828125
83196736,1144.988037109375
83196738,737.8726806640625
83196740,-869.0432739257812
83196742,-2156.633056640625
83196744,-1669.8408203125
83196746,224.450927734375
83196748,1583.970703125
83196750,1185.9105224609375
83196752,1270.3973388671875
83196754,992.546142578125
83196756,185.5221710205078
83196758,-1734.3232421875
83196760,-2025.5869140625
83196762,-977.9332885742188
83196764,1163.1024169921875
83196766,1386.2864990234375
83196768,1143.800048828125
83196770,1136.186279296875
83196772,789.5159912109375
83196774,-740.49365234375
83196776,-2112.910888671875
83196778,-1733.5091552734375
83196780,32.9556884765625
83196782,1562.7493896484375
83196784,1189.2874755859375
83196786,1264.482421875
83196788,1023.83203125
83196790,286.5201110839844
83196792,-1628.943115234375
83196794,-2023.39794921875
83196796,-1144.18212890625
83196798,995.3914184570312
83196800,1453.7803955078125
83196802,1154.11376953125
83196804,1184.253173828125
83196806,796.398681640625
83196808,-579.507568359375
83196810,-2141.343017578125
83196812,-1793.7880859375
83196814,-181.49720764160156
83196816,1539.64208984375
83196818,1195.472412109375
83196820,1251.298583984375
83196822,1032.023193359375
83196824,350.9112243652344
83196826,-1534.466552734375
83196828,-2120.46240234375
83196830,-1286.3892822265625
83196832,856.191650390625
83196834,1494.4122314453125
83196836,1151.5218505859375
83196838,1223.360595703125
83196840,829.9276123046875
83196842,-497.79541015625
83196844,-2155.054443359375
83196846,-1894.63232421875
83196848,-331.1809997558594
83196850,1465.5521240234375
83196852,1173.9976806640625
83196854,1212.81005859375
83196856,1019.2296752929688
83196858,443.51446533203125
83196860,-1455.2591552734375
83196862,-2169.38916015625
83196864,-1373.5677490234375
83196866,715.886962890625
83196868,1485.29052734375
83196870,1080.68408203125
83196872,1184.9593505859375
83196874,857.732666015625
83196876,-316.0531311035156
83196878,-2090.82958984375
83196880,-1940.7470703125
83196882,-537.2225952148438
83196884,1380.5626220703125
83196886,1167.592529296875
83196888,1128.8216552734375
83196890,1006.265869140625
83196892,467.5396423339844
83196894,-1347.4449462890625
83196896,-2259.404541015625
83196898,-1573.65283203125
83196900,464.985107421875
83196902,1488.54296875
83196904,1039.923583984375
83196906,1169.582275390625
83196908,830.5174560546875
83196910,-182.11611938476562
83196912,-2023.0323486328125
83196914,-2030.70849609375
83196916,-724.1404418945312
83196918,1271.42333984375
83196920,1191.530517578125
83196922,1088.3685302734375
83196924,992.8285522460938
83196926,544.9485473632812
83196928,-1242.80419921875
83196930,-2272.38916015625
83196932,-1675.664306640625
83196934,315.3220520019531
83196936,1460.5052490234375
83196938,1013.3770751953125
83196940,1121.091552734375
83196942,831.277587890625
83196944,-71.84706115722656
83196946,-1964.568603515625
83196948,-2040.3118896484375
83196950,-920.0676879882812
83196952,1185.204345703125
83196954,1297.571044921875
83196956,1153.9559326171875
83196958,1074.34130859375
83196960,659.3090209960938
83196962,-980.6456909179688
83196964,-2197.962646484375
83196966,-1674.779541015625
83196968,241.3649139404297
83196970,1529.6773681640625
83196972,1122.02197265625
83196974,1250.2352294921875
83196976,992.55029296875
83196978,182.04965209960938
83196980,-1529.286865234375
83196982,-1798.91796875
83196984,-704.1983642578125
83196986,1351.3743896484375
83196988,1576.1658935546875
83196990,1359.3162841796875
83196992,1281.7994384765625
83196994,878.7630004882812
83196996,-672.6508178710938
83196998,-2021.607666015625
83197000,-1606.2928466796875
83197002,159.43260192871094
83197004,1652.6568603515625
83197006,1209.9066162109375
83197008,1328.0345458984375
83197010,1069.8345947265625
83197012,312.13616943359375
83197014,-1598.168212890625
83197016,-1974.9986572265625
83197018,-983.8523559570312
83197020,1134.67431640625
83197022,1488.0777587890625
83197024,1267.8553466796875
83197026,1226.16845703125
83197028,839.6141357421875
83197030,-554.585205078125
83197032,-2042.185302734375
83197034,-1748.308837890625
83197036,-85.29683685302734
83197038,1551.9329833984375
83197040,1166.255126953125
83197042,1285.1181640625
83197044,1004.9782104492188
83197046,338.666015625
83197048,-1540.5185546875
83197050,-2090.310302734375
83197052,-1199.1318359375
83197054,877.4296875
83197056,1439.375244140625
83197058,1147.546630859375
83197060,1160.257080078125
83197062,835.5849609375
83197064,-462.95806884765625
83197066,-2085.500244140625
83197068,-1811.41650390625
83197070,-265.6019287109375
